# name: /app/data/Hll
# type: sparse matrix
# nnz: 5562
# rows: 1854
# columns: 1854

1 1 10703.632425043
2 1 11317.489462033
3 1 -104961.570762785
1 2 11317.489462033
2 2 556742.712344963
3 2 7356.631066890
1 3 -104961.570762785
2 3 7356.631066890
3 3 1138217.123220863
4 4 1104464.713573327
5 4 363815.996912803
6 4 -1080228.264935535
4 5 363815.996912803
5 5 1046030.272050685
6 5 40880.349472497
4 6 -1080228.264935535
5 6 40880.349472497
6 6 1233339.853582065
7 7 112709.900610038
8 7 306421.890581449
9 7 -202780.859267457
7 8 306421.890581449
8 8 1113329.195946281
9 8 125549.263930306
7 9 -202780.859267457
8 9 125549.263930306
9 9 2275484.539796438
10 10 146201.466280420
11 10 342414.399677339
12 10 -310337.831926703
10 11 342414.399677339
11 11 1293595.837852686
12 11 136850.299148660
10 12 -310337.831926703
11 12 136850.299148660
12 12 2326183.033156470
13 13 25213.887733072
14 13 114074.061734652
15 13 135108.620583341
13 14 114074.061734652
14 14 847542.746671504
15 14 75684.708593366
13 15 135108.620583341
14 15 75684.708593366
15 15 1849347.794416870
16 16 305943.650622693
17 16 -53903.016195812
18 16 -295380.144017094
16 17 -53903.016195812
17 17 268791.941899870
18 17 -50926.383090734
16 18 -295380.144017094
17 18 -50926.383090734
18 18 326467.359358716
19 19 77781.971181237
20 19 -176869.448502491
21 19 408.171631650
19 20 -176869.448502491
20 20 408922.079935248
21 20 -65337.916204171
19 21 408.171631650
20 21 -65337.916204171
21 21 959547.055503959
22 22 4696.510414597
23 22 -7328.278867212
24 22 59416.698954988
22 23 -7328.278867212
23 23 364833.104996279
24 23 9731.878815191
22 24 59416.698954988
23 24 9731.878815191
24 24 847651.394124496
25 25 3265.553149036
26 25 -15515.344370832
27 25 45937.114269897
25 26 -15515.344370832
26 26 444088.281358565
27 26 8422.822182770
25 27 45937.114269897
26 27 8422.822182770
27 27 898472.491587745
28 28 10374.302035474
29 28 -29770.284646394
30 28 83587.114503463
28 29 -29770.284646394
29 29 385289.483130548
30 29 3100.945252933
28 30 83587.114503463
29 30 3100.945252933
30 30 904142.161977734
31 31 4674.019516410
32 31 -30229.399691818
33 31 38489.253787286
31 32 -30229.399691818
32 32 359672.338860990
33 32 -1030.461922296
31 33 38489.253787286
32 33 -1030.461922296
33 33 797859.371413491
34 34 2207739.229607439
35 34 437684.906575829
36 34 -1410275.273962937
34 35 437684.906575829
35 35 1190139.192415406
36 35 10502.622215509
34 36 -1410275.273962937
35 36 10502.622215509
36 36 980683.121016561
37 37 2219578.377036957
38 37 440004.787822720
39 37 -1387379.503386004
37 38 440004.787822720
38 38 1264462.777912254
39 38 17163.425042406
37 39 -1387379.503386004
38 39 17163.425042406
39 39 942888.858710423
40 40 847458.241059814
41 40 134515.507634167
42 40 -801492.843187734
40 41 134515.507634167
41 41 791244.679004674
42 41 -22425.828268004
40 42 -801492.843187734
41 42 -22425.828268004
42 42 774419.297691788
43 43 561824.484671228
44 43 99605.826011624
45 43 -511896.526107075
43 44 99605.826011624
44 44 613484.199177217
45 44 -4299.024926621
43 45 -511896.526107075
44 45 -4299.024926621
45 45 480136.450265091
46 46 847343.044984569
47 46 118856.367158935
48 46 -830903.840789889
46 47 118856.367158935
47 47 724750.900156200
48 47 -35072.854225161
46 48 -830903.840789889
47 48 -35072.854225161
48 48 826358.601250373
49 49 928975.930374812
50 49 122564.476688682
51 49 -811571.255640397
49 50 122564.476688682
50 50 697560.122380021
51 50 -34710.996535404
49 51 -811571.255640397
50 51 -34710.996535404
51 51 718463.147959983
52 52 183051.408294515
53 52 79698.640120403
54 52 586056.128118180
52 53 79698.640120403
53 53 679722.618353836
54 53 89232.136765671
52 54 586056.128118180
53 54 89232.136765671
54 54 1928791.957372705
55 55 118919.454012043
56 55 189903.573170380
57 55 -381117.460585968
55 56 189903.573170380
56 56 1067963.970787371
57 56 64961.257307224
55 57 -381117.460585968
56 57 64961.257307224
57 57 1869652.797515358
58 58 221448.302867252
59 58 -70274.919573672
60 58 -203074.097343400
58 59 -70274.919573672
59 59 188374.785755332
60 59 -48990.962169695
58 60 -203074.097343400
59 60 -48990.962169695
60 60 264073.899186729
61 61 263784.395278771
62 61 -23633.793963769
63 61 -263589.682070436
61 62 -23633.793963769
62 62 226842.776399425
63 62 -35827.746262615
61 63 -263589.682070436
62 63 -35827.746262615
63 63 279453.358631792
64 64 157313.512561761
65 64 -12183.749309729
66 64 -311571.075854911
64 65 -12183.749309729
65 65 388611.857722700
66 65 -28315.347875891
64 66 -311571.075854911
65 66 -28315.347875891
66 66 626180.564106109
67 67 5098.088474725
68 67 29271.200000676
69 67 47934.435322781
67 68 29271.200000676
68 68 393136.785547956
69 68 23621.539697715
67 69 47934.435322781
68 69 23621.539697715
69 69 936707.956870957
70 70 2132.033196570
71 70 -2657.067040089
72 70 43521.657401696
70 71 -2657.067040089
71 71 526346.215054013
72 71 13119.022481719
70 72 43521.657401696
71 72 13119.022481719
72 72 1254063.877859504
73 73 86426.877310484
74 73 53848.843549420
75 73 342953.341898119
73 74 53848.843549420
74 74 742498.957405086
75 74 69054.635279190
73 75 342953.341898119
74 75 69054.635279190
75 75 1398562.392304421
76 76 75800.465671195
77 76 42049.818279149
78 76 368529.417572612
76 77 42049.818279149
77 77 679876.886973876
78 77 58880.265417497
76 78 368529.417572612
77 78 58880.265417497
78 78 1846101.751361658
79 79 85463.659852425
80 79 37540.783300571
81 79 399465.127953388
79 80 37540.783300571
80 80 695224.649769026
81 80 59595.844828053
79 81 399465.127953388
80 81 59595.844828053
81 81 1907065.240775854
82 82 9069.630710453
83 82 46682.511031386
84 82 -71123.372507583
82 83 46682.511031386
83 83 618870.200767029
84 83 27572.392305144
82 84 -71123.372507583
83 84 27572.392305144
84 84 1142615.715416499
85 85 150880.959040238
86 85 68987.626124149
87 85 -424731.600425255
85 86 68987.626124149
86 86 717470.734549782
87 86 1944.581628168
85 87 -424731.600425255
86 87 1944.581628168
87 87 1264519.165576823
88 88 36509.867480824
89 88 46939.033319504
90 88 213462.153882399
88 89 46939.033319504
89 89 617405.071681219
90 89 50425.756166263
88 90 213462.153882399
89 90 50425.756166263
90 90 1367575.324115732
91 91 25315.532272205
92 91 64335.795322741
93 91 185359.168288918
91 92 64335.795322741
92 92 712447.264899874
93 92 54984.309442986
91 93 185359.168288918
92 93 54984.309442986
93 93 1771051.434411708
94 94 59519.253071123
95 94 149953.318100761
96 94 306793.984561053
94 95 149953.318100761
95 95 978075.053151857
96 95 103932.933190838
94 96 306793.984561053
95 96 103932.933190838
96 96 2446566.679360943
97 97 51411.904395651
98 97 93232.888902069
99 97 223399.390955117
97 98 93232.888902069
98 98 635571.727356601
99 98 71914.218392486
97 99 223399.390955117
98 99 71914.218392486
99 99 1232034.215277408
100 100 109911.244145140
101 100 76042.064516026
102 100 -352205.589636404
100 101 76042.064516026
101 101 766494.858081962
102 101 15593.966285308
100 102 -352205.589636404
101 102 15593.966285308
102 102 1239651.220312341
103 103 130074.517667972
104 103 6949.628354890
105 103 -330541.987823468
103 104 6949.628354890
104 104 491252.028779278
105 104 -19157.637951423
103 105 -330541.987823468
104 105 -19157.637951423
105 105 844926.345590367
106 106 109688.700906374
107 106 217207.682232698
108 106 -360541.581233876
106 107 217207.682232698
107 107 1117329.269818871
108 107 76700.033636200
106 108 -360541.581233876
107 108 76700.033636200
108 108 2191151.075190165
109 109 223476.158501900
110 109 -184639.405698524
111 109 498140.640972974
109 110 -184639.405698524
110 110 480857.174876459
111 110 -31027.977385113
109 111 498140.640972974
110 111 -31027.977385113
111 111 1556360.495828175
112 112 54966.677662613
113 112 -96105.107402270
114 112 193081.874191399
112 113 -96105.107402270
113 113 416263.288363193
114 113 -15775.523731077
112 114 193081.874191399
113 114 -15775.523731077
114 114 1107600.677062241
115 115 117363.157996165
116 115 -89949.261308356
117 115 324941.519312241
115 116 -89949.261308356
116 116 372733.181728242
117 116 -5203.270482480
115 117 324941.519312241
116 117 -5203.270482480
117 117 1098997.488485198
118 118 69243.921497627
119 118 -107962.809636340
120 118 227505.990310531
118 119 -107962.809636340
119 119 436244.152899209
120 119 -17760.489320295
118 120 227505.990310531
119 120 -17760.489320295
120 120 1182193.149030614
121 121 151908.078887871
122 121 -160249.744813980
123 121 -204138.015895390
121 122 -160249.744813980
122 122 374396.293825862
123 122 -78923.641553386
121 123 -204138.015895390
122 123 -78923.641553386
123 123 699997.198885276
124 124 77808.283351675
125 124 -158163.528185388
126 124 -50873.587609065
124 125 -158163.528185388
125 125 368716.566594049
126 125 -60572.367136869
124 126 -50873.587609065
125 126 -60572.367136869
126 126 620028.772800143
127 127 29295.903649699
128 127 -106298.675935501
129 127 -4568.995498482
127 128 -106298.675935501
128 128 394353.681730700
129 128 -36386.403226523
127 129 -4568.995498482
128 129 -36386.403226523
129 129 945241.625603617
130 130 1181246.873421215
131 130 106814.623806192
132 130 -769048.093775397
130 131 106814.623806192
131 131 582540.630349904
132 131 -48959.422815013
130 132 -769048.093775397
131 132 -48959.422815013
132 132 502271.065019718
133 133 228209.586774772
134 133 -91636.816764019
135 133 -235696.697532546
133 134 -91636.816764019
134 134 238890.179866343
135 134 -59549.296455070
133 135 -235696.697532546
134 135 -59549.296455070
135 135 361579.567050063
136 136 100012.682077637
137 136 -52790.512634376
138 136 -78550.384802954
136 137 -52790.512634376
137 137 96586.867959056
138 137 -28956.056093949
136 138 -78550.384802954
137 138 -28956.056093949
138 138 134062.779419392
139 139 278187.681201068
140 139 -94475.134660958
141 139 -238715.075861653
139 140 -94475.134660958
140 140 222318.431562517
141 140 -62968.851788980
139 141 -238715.075861653
140 141 -62968.851788980
141 141 314343.243177062
142 142 240429.756314798
143 142 -124193.362107505
144 142 -277837.378527181
142 143 -124193.362107505
143 143 314572.552061861
144 143 -75104.183210754
142 144 -277837.378527181
143 144 -75104.183210754
144 144 513029.377496654
145 145 590387.315822370
146 145 -67026.126938457
147 145 -359168.082863468
145 146 -67026.126938457
146 146 269107.651789702
147 146 -71502.893757610
145 147 -359168.082863468
146 147 -71502.893757610
147 147 266931.371947707
148 148 635725.767918056
149 148 -93814.896106656
150 148 -338213.187718370
148 149 -93814.896106656
149 149 264747.023256050
150 149 -81889.197057416
148 150 -338213.187718370
149 150 -81889.197057416
150 150 249367.750398552
151 151 313011.107415506
152 151 -65422.322763658
153 151 -199951.122428336
151 152 -65422.322763658
152 152 201505.871320751
153 152 -48306.529298207
151 153 -199951.122428336
152 153 -48306.529298207
153 153 171072.986307962
154 154 303794.579527841
155 154 -9573.809066107
156 154 -304507.402395157
154 155 -9573.809066107
155 155 260686.645143814
156 155 -34225.950729789
154 156 -304507.402395157
155 156 -34225.950729789
156 156 312952.548174748
157 157 363431.403383133
158 157 -8176.716021273
159 157 -276971.179117237
157 158 -8176.716021273
158 158 214487.529974450
159 158 -34337.892080439
157 159 -276971.179117237
158 159 -34337.892080439
159 159 218940.985707937
160 160 272749.953694506
161 160 -20738.374768407
162 160 -196176.620774248
160 161 -20738.374768407
161 161 150499.100868148
162 161 -30915.493204531
160 162 -196176.620774248
161 162 -30915.493204531
162 162 155318.458728424
163 163 381219.996184638
164 163 -2236.886848001
165 163 -255213.702852880
163 164 -2236.886848001
164 164 256510.184316997
165 164 -28030.574197475
163 165 -255213.702852880
164 165 -28030.574197475
165 165 174398.267197029
166 166 7083.091366603
167 166 7464.785462240
168 166 -69528.254114261
166 167 7464.785462240
167 167 367734.618263869
168 167 4837.779636092
166 168 -69528.254114261
167 168 4837.779636092
168 168 751643.775978293
169 169 42669.531189334
170 169 180128.502634805
171 169 104135.166897075
169 170 180128.502634805
170 170 877324.514901046
171 170 101083.016829876
169 171 104135.166897075
170 171 101083.016829876
171 171 1760741.009735129
172 172 20981.927270861
173 172 -36423.782722804
174 172 86104.765822902
172 173 -36423.782722804
173 173 202059.682691879
174 173 -3772.460934696
172 174 86104.765822902
173 174 -3772.460934696
174 174 512210.683540144
175 175 29441.748361172
176 175 -58574.201480283
177 175 102375.439766542
175 176 -58574.201480283
176 176 294073.746226087
177 176 -7833.871454198
175 177 102375.439766542
176 177 -7833.871454198
177 177 577080.379150069
178 178 51608.320228086
179 178 -111630.722549040
180 178 -13326.953876146
178 179 -111630.722549040
179 179 251454.748627797
180 179 -42898.686381686
178 180 -13326.953876146
179 180 -42898.686381686
180 180 606204.577936475
181 181 101823.420084006
182 181 -3414.475079049
183 181 -85549.717802681
181 182 -3414.475079049
182 182 73629.976838103
183 182 -10302.237515418
181 183 -85549.717802681
182 183 -10302.237515418
183 183 74282.654096376
184 184 277026.737706713
185 184 -5594.579616751
186 184 -218845.352413033
184 185 -5594.579616751
185 185 171349.045714397
186 185 -26372.423413849
184 186 -218845.352413033
185 186 -26372.423413849
186 186 178564.843402820
187 187 14961.610357310
188 187 -14348.951130185
189 187 95970.913527428
187 188 -14348.951130185
188 188 252647.136702823
189 188 6793.487697207
187 189 95970.913527428
188 189 6793.487697207
189 189 666120.541119748
190 190 7023.610673569
191 190 -3459.040085864
192 190 70087.230013011
190 191 -3459.040085864
191 191 294636.049950348
192 191 10164.804134364
190 192 70087.230013011
191 192 10164.804134364
192 192 739192.906412849
193 193 16841.901858931
194 193 -21277.759883982
195 193 94873.475602726
193 194 -21277.759883982
194 194 251951.435561219
195 194 4453.412728341
193 195 94873.475602726
194 195 4453.412728341
195 195 610724.809921187
196 196 204379.519759041
197 196 -37069.647587592
198 196 -197356.713100134
196 197 -37069.647587592
197 197 181820.291779488
198 197 -34352.762372918
196 198 -197356.713100134
197 198 -34352.762372918
198 198 218948.685615800
199 199 82908.776966676
200 199 44200.691952071
201 199 324265.210129403
199 200 44200.691952071
200 200 485117.098272530
201 200 52391.261460103
199 201 324265.210129403
200 201 52391.261460103
201 201 1309369.061941075
202 202 592048.902634652
203 202 93666.093801633
204 202 -559160.535591762
202 203 93666.093801633
203 203 551630.851770472
204 203 -15754.097838850
202 204 -559160.535591762
203 204 -15754.097838850
204 204 539438.371376114
205 205 577776.583231670
206 205 81458.913314446
207 205 -566128.108841361
205 206 81458.913314446
206 206 493770.594604840
207 206 -23719.311159075
205 207 -566128.108841361
206 207 -23719.311159075
207 207 562707.841052094
208 208 687796.795894776
209 208 90440.241893134
210 208 -598401.458935943
208 209 90440.241893134
209 209 498571.740919452
210 209 -26400.600445128
208 210 -598401.458935943
209 210 -26400.600445128
210 210 527539.188350527
211 211 237302.940771908
212 211 -63974.170312679
213 211 -208598.009962984
211 212 -63974.170312679
212 212 185315.588251664
213 212 -47500.415398373
211 213 -208598.009962984
212 213 -47500.415398373
213 213 247685.661223397
214 214 101474.927132706
215 214 303927.039068392
216 214 -122273.393170791
214 215 303927.039068392
215 215 1088162.496022375
216 215 136044.695549718
214 216 -122273.393170791
215 216 136044.695549718
216 216 1886050.513190629
217 217 202099.185907779
218 217 -4890.208533491
219 217 -207699.704705927
217 218 -4890.208533491
218 218 179672.596468554
219 218 -22460.717835412
217 219 -207699.704705927
218 219 -22460.717835412
219 219 217899.626752449
220 220 201323.089710679
221 220 -17981.550216936
222 220 -201727.669395096
220 221 -17981.550216936
221 221 173803.088176016
222 221 -27349.493503477
220 222 -201727.669395096
221 222 -27349.493503477
222 222 214341.041491659
223 223 102832.963774405
224 223 47472.964785583
225 223 -289921.134222203
223 224 47472.964785583
224 224 490746.300467201
225 224 1508.312188310
223 225 -289921.134222203
224 225 1508.312188310
225 225 865355.384787235
226 226 1368824.918472315
227 226 242909.886828001
228 226 -835080.577764794
226 227 242909.886828001
227 227 731313.585217662
228 227 -927.738298727
226 228 -835080.577764794
227 228 -927.738298727
228 228 542546.743644946
229 229 1346.309549060
230 229 -2312.820282955
231 229 27445.149033484
229 230 -2312.820282955
230 230 338927.942925388
231 230 8159.673705952
229 231 27445.149033484
230 231 8159.673705952
231 231 807295.522339860
232 232 84419.219051652
233 232 135609.360780522
234 232 -271036.387206443
232 233 135609.360780522
233 233 763026.661310508
234 233 46547.830189107
232 234 -271036.387206443
233 234 46547.830189107
234 234 1336986.730560417
235 235 139440.629685502
236 235 202425.295944120
237 235 -338428.246799798
235 236 202425.295944120
236 236 871666.669743507
237 236 69360.560941006
235 237 -338428.246799798
236 237 69360.560941006
237 237 1399581.374070393
238 238 87157.118953715
239 238 946.392639920
240 238 -211933.165205198
238 239 946.392639920
239 239 348010.508575009
240 239 -12008.792986104
238 240 -211933.165205198
239 240 -12008.792986104
240 240 518327.106725308
241 241 57688.620620796
242 241 -10325.741263644
243 241 -125879.101334965
241 242 -10325.741263644
242 242 309564.708532039
243 242 -6482.526994442
241 243 -125879.101334965
242 243 -6482.526994442
243 243 277715.429733755
244 244 78564.333488708
245 244 -10218.846210722
246 244 -176497.726992710
244 245 -10218.846210722
245 245 264293.350062101
246 245 -15494.781252076
244 246 -176497.726992710
245 246 -15494.781252076
246 246 403757.332521945
247 247 109447.610538054
248 247 -8200.145980287
249 247 -217491.182349616
247 248 -8200.145980287
248 248 271839.467774327
249 248 -19618.390468533
247 249 -217491.182349616
248 249 -19618.390468533
249 249 438360.113251798
250 250 4481.460232604
251 250 6593.054477721
252 250 -55994.199327830
250 251 6593.054477721
251 251 387273.240616131
252 251 6104.086041089
250 252 -55994.199327830
251 252 6104.086041089
252 252 810012.265350758
253 253 59111.862613903
254 253 34479.429912690
255 253 237746.984055350
253 254 34479.429912690
254 254 479448.009343980
255 254 44904.550435011
253 255 237746.984055350
254 255 44904.550435011
255 255 982208.452725785
256 256 43796.565809753
257 256 24742.438503016
258 256 215358.295684389
256 257 24742.438503016
257 257 402828.460037745
258 257 34590.868011222
256 258 215358.295684389
257 258 34590.868011222
258 258 1091541.706316927
259 259 55343.284461804
260 259 24420.400253974
261 259 260640.980579627
259 260 24420.400253974
260 260 457695.056807840
261 260 38971.771607948
259 261 260640.980579627
260 261 38971.771607948
261 261 1253903.300847448
262 262 32498.290545033
263 262 22211.967898402
264 262 178482.766775916
262 263 22211.967898402
263 263 484643.991020753
264 263 35386.489928809
262 264 178482.766775916
263 264 35386.489928809
264 264 1010420.048614688
265 265 25423.616335487
266 265 42823.739058242
267 265 140752.988029458
265 266 42823.739058242
266 266 533158.390381341
267 266 44269.785437710
265 267 140752.988029458
266 267 44269.785437710
267 267 872024.434766546
268 268 17475.868648360
269 268 46534.056971583
270 268 133707.080637801
268 269 46534.056971583
269 269 542757.475106483
270 269 40328.452908309
268 270 133707.080637801
269 270 40328.452908309
270 270 1344325.702255588
271 271 7101.766887842
272 271 -556.049960907
273 271 67987.716795896
271 272 -556.049960907
272 272 358895.667250535
273 272 14875.817092435
271 273 67987.716795896
272 273 14875.817092435
273 273 677583.839349796
274 274 77169.789691361
275 274 -8522.164099651
276 274 259469.618751878
274 275 -8522.164099651
275 275 336159.679530671
276 275 23461.868820279
274 276 259469.618751878
275 276 23461.868820279
276 276 883340.534639647
277 277 59700.139899358
278 277 -17034.379199453
279 277 212217.014284508
277 278 -17034.379199453
278 278 317747.211393091
279 278 16697.631457338
277 279 212217.014284508
278 279 16697.631457338
279 279 776242.158356008
280 280 56580.246143481
281 280 -53634.379567398
282 280 150955.222130943
280 281 -53634.379567398
281 281 260393.314146524
282 281 -2911.864891099
280 282 150955.222130943
281 282 -2911.864891099
282 282 497531.097927998
283 283 22979.948380969
284 283 -30576.739123571
285 283 76596.650001499
283 284 -30576.739123571
284 284 177425.980972132
285 284 -1392.653332135
283 285 76596.650001499
284 285 -1392.653332135
285 285 330507.077029451
286 286 25441.695955548
287 286 -49831.596023321
288 286 79299.538390041
286 287 -49831.596023321
287 287 215240.592889987
288 287 -8375.734195614
286 288 79299.538390041
287 288 -8375.734195614
288 288 434409.326540252
289 289 41538.280430898
290 289 103900.510627838
291 289 213994.840428670
289 290 103900.510627838
290 290 678078.980269078
291 290 72129.667249847
289 291 213994.840428670
290 291 72129.667249847
291 291 1697195.810945495
292 292 18092.598996230
293 292 -9076.090740394
294 292 -103401.959792234
292 293 -9076.090740394
293 293 301853.786362607
294 293 -6781.392821969
292 294 -103401.959792234
293 294 -6781.392821969
294 294 614897.620060989
295 295 75071.510571192
296 295 151775.569541449
297 295 -243321.908701100
295 296 151775.569541449
296 296 780513.638056018
297 296 54938.874653916
295 297 -243321.908701100
296 297 54938.874653916
297 297 1485930.958717467
298 298 93129.580489789
299 298 -167955.758557734
300 298 43882.761275661
298 299 -167955.758557734
299 299 304606.987318028
300 299 -60873.247654565
298 300 43882.761275661
299 300 -60873.247654565
300 300 758336.910096628
301 301 128452.103204013
302 301 -107860.074939180
303 301 287437.204490302
301 302 -107860.074939180
302 302 281044.536429779
303 302 -18335.672118583
301 303 287437.204490302
302 303 -18335.672118583
303 303 907013.563032186
304 304 43344.941378948
305 304 -67669.835658502
306 304 143320.401312373
304 305 -67669.835658502
305 305 274178.956679101
306 305 -11131.682839886
304 306 143320.401312373
305 306 -11131.682839886
306 306 749242.668452580
307 307 51524.669848519
308 307 -107230.255184684
309 307 -26244.002826913
307 308 -107230.255184684
308 308 249050.457825462
309 308 -39658.832619203
307 309 -26244.002826913
308 309 -39658.832619203
309 309 365525.736624636
310 310 11030.119765468
311 310 -53067.679559525
312 310 -26731.457852372
310 311 -53067.679559525
311 311 299965.525892466
312 311 -17988.207798857
310 312 -26731.457852372
311 312 -17988.207798857
312 312 691055.589937874
313 313 386226.143703396
314 313 86747.078075691
315 313 -487032.797742888
313 314 86747.078075691
314 314 487062.181958184
315 314 -8677.508936753
313 315 -487032.797742888
314 315 -8677.508936753
315 315 638423.847851210
316 316 147611.350860427
317 316 1407.556265291
318 316 -189449.412260078
316 317 1407.556265291
317 317 182359.137311797
318 317 -16522.886686794
316 318 -189449.412260078
317 318 -16522.886686794
318 318 244783.239168972
319 319 579503.284743836
320 319 161307.084017638
321 319 -685708.551662598
319 320 161307.084017638
320 320 723228.657429309
321 320 4306.023392184
319 321 -685708.551662598
320 321 4306.023392184
321 321 871439.886282783
322 322 796261.332559500
323 322 71724.597289645
324 322 -518275.965892539
322 323 71724.597289645
323 323 392520.618398874
324 323 -33104.924348365
322 324 -518275.965892539
323 324 -33104.924348365
324 324 338383.562472657
325 325 740258.477200130
326 325 257495.399566108
327 325 -655372.643793210
325 326 257495.399566108
326 326 920973.940155397
327 326 51389.713625119
325 327 -655372.643793210
326 327 51389.713625119
327 327 676304.729643360
328 328 116642.426945899
329 328 -77649.692586012
330 328 -176927.449577934
328 329 -77649.692586012
329 329 260663.132133938
330 329 -43909.236346191
328 330 -176927.449577934
329 330 -43909.236346191
330 330 394743.999423067
331 331 401150.900296082
332 331 -45624.919132560
333 331 -243539.061607005
331 332 -45624.919132560
332 332 182430.893582267
333 332 -48584.615083857
331 333 -243539.061607004
332 333 -48584.615083857
333 333 180833.093255873
334 334 426808.603639559
335 334 -63243.519448925
336 334 -226511.862900553
334 335 -63243.519448925
335 335 177762.619554763
336 335 -55036.066576434
334 336 -226511.862900553
335 336 -55036.066576434
336 336 166966.058232887
337 337 220803.308648554
338 337 -30262.477841811
339 337 -158478.585795044
337 338 -30262.477841811
338 338 163673.707997389
339 338 -28411.040503599
337 339 -158478.585795044
338 339 -28411.040503599
339 339 129589.190177466
340 340 82062.457474711
341 340 42638.630124866
342 340 285345.805889188
340 341 42638.630124866
341 341 379957.157797746
342 341 46540.954823495
340 342 285345.805889188
341 342 46540.954823495
342 342 1027760.410678079
343 343 48533.976356430
344 343 16655.131679619
345 343 197488.658951752
343 344 16655.131679619
344 344 327451.710090254
345 344 29248.262431102
343 345 197488.658951752
344 345 29248.262431102
345 345 814064.984295955
346 346 1536.653039580
347 346 -7209.217811816
348 346 22055.021415002
346 347 -7209.217811816
347 347 207221.276207343
348 347 3750.675302159
346 348 22055.021415002
347 348 3750.675302159
348 348 439772.136866105
349 349 1555.486764198
350 349 -9816.564537907
351 349 21966.992216777
349 350 -9816.564537907
350 350 225905.833547237
351 350 2374.444549630
349 351 21966.992216777
350 351 2374.444549630
351 351 544165.749119437
352 352 37906.364633554
353 352 103925.182788813
354 352 -85151.022758962
352 353 103925.182788813
353 353 421976.732511127
354 353 42559.871406979
352 354 -85151.022758962
353 354 42559.871406979
354 354 830860.224448788
355 355 6686.056158253
356 355 -2222.584264193
357 355 60546.165299445
355 356 -2222.584264193
356 356 226595.522209855
357 356 8502.586315281
355 357 60546.165299445
356 357 8502.586315281
357 357 573549.268988853
358 358 114282.149251703
359 358 -6999.901909316
360 358 -133694.078282028
358 359 -6999.901909316
359 359 123010.905186819
360 359 -15356.150897929
358 360 -133694.078282028
359 360 -15356.150897929
360 360 161149.659292279
361 361 70595.312508807
362 361 32435.914791989
363 361 -198849.639815657
361 362 32435.914791989
362 362 336193.445036541
363 362 973.911117125
361 363 -198849.639815657
362 363 973.911117125
363 363 592644.923497159
364 364 58356.981304622
365 364 20437.233461241
366 364 -174585.847735771
364 365 20437.233461241
365 365 315061.519411998
366 365 -1528.504345068
364 366 -174585.847735771
365 366 -1528.504345068
366 366 539149.738655930
367 367 54690.635902802
368 367 9675.472542577
369 367 -149546.625721106
367 368 9675.472542577
368 368 248514.921415783
369 368 -5034.753670650
367 369 -149546.625721106
368 369 -5034.753670650
369 369 413868.819977565
370 370 53432.631323475
371 370 71609.281567677
372 370 -180667.328323755
370 371 71609.281567677
371 371 456015.193211166
372 371 21871.695017555
370 372 -180667.328323755
371 372 21871.695017555
372 372 825851.756632781
373 373 415132.697474415
374 373 57803.691436844
375 373 -415698.806912921
373 374 57803.691436844
374 374 365425.176829685
375 374 -17863.614164363
373 375 -415698.806912921
374 375 -17863.614164363
375 375 421942.705907393
376 376 1267756.364910211
377 376 244421.661346632
378 376 -806636.862601155
376 377 244421.661346632
377 377 647810.827289020
378 377 1960.124950015
376 378 -806636.862601155
377 378 1960.124950015
378 378 556603.396031497
379 379 60712.858598546
380 379 -7788.413526333
381 379 -135288.010878947
379 380 -7788.413526333
380 380 199776.105253544
381 380 -11986.461154439
379 381 -135288.010878947
380 381 -11986.461154439
381 381 307013.414540267
382 382 72904.059299034
383 382 -5300.552537822
384 382 -145325.401494919
382 383 -5300.552537822
383 383 181994.041528394
384 383 -13025.451612708
382 384 -145325.401494919
383 384 -13025.451612708
384 384 293692.528126917
385 385 456.202100132
386 385 5131.378786058
387 385 561.158790590
385 386 5131.378786058
386 386 280951.937146671
387 386 7787.282767771
385 387 561.158790590
386 387 7787.282767771
387 387 648485.888597467
388 388 5279.293913547
389 388 23653.679633427
390 388 -43642.532519086
388 389 23653.679633427
389 389 307931.995287840
390 389 11974.047898762
388 390 -43642.532519086
389 390 11974.047898762
390 390 666997.435533514
391 391 7188.610082807
392 391 21868.083202457
393 391 59302.676568268
391 392 21868.083202457
392 392 272015.753486469
393 392 19039.739246418
391 393 59302.676568268
392 393 19039.739246418
393 393 668246.900574202
394 394 11046.971886973
395 394 3864.798598140
396 394 74890.789688038
394 395 3864.798598140
395 395 246344.732469565
396 395 13694.001102346
394 396 74890.789688038
395 396 13694.001102346
396 396 518612.279436524
397 397 15309.030417802
398 397 -11428.636117035
399 397 84207.472743889
397 398 -11428.636117035
398 398 190960.758352547
399 398 5943.763847808
397 399 84207.472743889
398 399 5943.763847808
399 399 494004.850719947
400 400 26208.904955364
401 400 -17179.376552232
402 400 102698.202201131
400 401 -17179.376552232
401 401 155792.958556368
402 401 3945.288175311
400 402 102698.202201131
401 402 3945.288175311
402 402 439925.829314559
403 403 55198.413705015
404 403 -33329.234690370
405 403 175283.678947524
403 404 -33329.234690370
404 404 218267.733906844
405 404 4016.157729219
403 405 175283.678947524
404 405 4016.157729219
405 405 619784.485122237
406 406 54958.059442105
407 406 -39065.787089270
408 406 161226.512680962
406 407 -39065.787089270
407 407 193200.078530733
408 407 23.042948731
406 408 161226.512680962
407 408 23.042948731
408 408 554289.720485657
409 409 26720.633988569
410 409 -34072.614120310
411 409 88671.020922706
409 410 -34072.614120310
410 410 179567.000232087
411 410 -2378.204150753
409 411 88671.020922706
410 411 -2378.204150753
411 411 386222.288630001
412 412 27168.602722228
413 412 68694.119145603
414 412 141013.306437805
412 413 68694.119145603
413 413 451734.036811963
414 413 47732.903341943
412 414 141013.306437805
413 414 47732.903341943
414 414 1129689.697263091
415 415 56371.539384028
416 415 35984.621173799
417 415 -179790.394914677
415 416 35984.621173799
416 416 358035.634272173
417 416 5298.588044705
415 417 -179790.394914677
416 417 5298.588044705
417 417 624652.519927226
418 418 56294.035282007
419 418 3625.691659262
420 418 -149603.221189417
418 419 3625.691659262
419 419 251376.494705288
420 419 -7235.045827886
418 420 -149603.221189417
419 420 -7235.045827886
420 420 400160.327252994
421 421 10584.171240815
422 421 -5257.841935903
423 421 -60260.816093633
421 422 -5257.841935903
422 422 175311.480051233
423 422 -3966.600564375
421 423 -60260.816093633
422 423 -3966.600564375
423 423 356918.978867130
424 424 6560.419649270
425 424 47950.933370424
426 424 -4845.290131741
424 425 47950.933370424
425 425 406609.961022071
426 425 27025.956102021
424 426 -4845.290131741
425 426 27025.956102021
426 426 917459.732421613
427 427 58163.645688429
428 427 -52966.039428271
429 427 167207.185366850
427 428 -52966.039428271
428 428 227370.356690391
429 428 -4094.778856254
427 429 167207.185366850
428 429 -4094.778856254
429 429 605647.238981870
430 430 30914.526435381
431 430 -48176.822235129
432 430 104286.536863688
430 431 -48176.822235129
431 431 196656.242888223
432 431 -7872.772138294
430 432 104286.536863688
431 432 -7872.772138294
432 432 553947.484957454
433 433 41047.802709369
434 433 -91161.381661749
435 433 8628.074466812
433 434 -91161.381661749
434 434 203892.623691244
435 434 -32660.935074567
433 435 8628.074466812
434 435 -32660.935074567
435 435 444396.853987871
436 436 1808020.849870765
437 436 -1848325.806674144
438 436 -2784514.560077557
436 437 -1848325.806674144
437 437 5842107.330255503
438 437 -902860.066503044
436 438 -2784514.560077556
437 438 -902860.066503044
438 438 10051727.305548649
439 439 6638.278648451
440 439 -31471.267239168
441 439 -16669.747207503
439 440 -31471.267239168
440 440 177081.800679042
441 440 -10758.870914723
439 441 -16669.747207503
440 441 -10758.870914723
441 441 407244.788304279
442 442 12983.631247903
443 442 -47100.346881214
444 442 -1937.617374089
442 443 -47100.346881214
443 443 174656.920821623
444 443 -16114.951855203
442 444 -1937.617374089
443 444 -16114.951855203
444 444 418734.667170506
445 445 91286.339975363
446 445 20979.112286682
447 445 -132503.601720744
445 446 20979.112286682
446 446 142054.245536683
447 446 -2737.812471635
445 447 -132503.601720744
446 447 -2737.812471635
447 447 198795.474831851
448 448 114896.379576034
449 448 32238.133041780
450 448 -152030.684616933
448 449 32238.133041780
449 449 196656.998324811
450 449 1476.749207347
448 450 -152030.684616933
449 450 1476.749207347
450 450 212519.587463277
451 451 105071.511198329
452 451 -42845.154869375
453 451 -108917.303796466
451 452 -42845.154869375
452 452 110986.234237350
453 452 -27689.924445033
451 453 -108917.303796466
452 453 -27689.924445033
453 453 168705.502297025
454 454 148019.855940247
455 454 -75872.772201751
456 454 -170694.372559891
454 455 -75872.772201751
455 455 192623.350679895
456 455 -45993.388142948
454 456 -170694.372559891
455 456 -45993.388142948
456 456 313497.091376903
457 457 267772.562331495
458 457 -30334.836221589
459 457 -162177.463912515
457 458 -30334.836221589
458 458 121409.160355132
459 458 -32357.258818037
457 459 -162177.463912515
458 459 -32357.258818037
459 459 120132.139929628
460 460 298075.557822284
461 460 -40947.475733624
462 460 -158883.897360625
460 461 -40947.475733624
461 461 118613.638260836
462 461 -37461.246982942
460 462 -158883.897360625
461 462 -37461.246982942
462 462 115890.785938931
463 463 146946.591225362
464 463 -3078.706798485
465 463 -115953.650421761
463 464 -3078.706798485
464 464 90751.370210941
465 464 -14029.500918787
463 465 -115953.650421761
464 465 -14029.500918787
465 465 94561.320471370
466 466 30761.475478144
467 466 -19924.634953706
468 466 -46794.067182958
466 467 -19924.634953706
467 467 67030.453428108
468 467 -11439.432253703
466 468 -46794.067182958
467 468 -11439.432253703
468 468 103692.064063138
469 469 37706.283767182
470 469 56806.530874553
471 469 -118787.362943604
469 470 56806.530874553
470 470 300801.455800761
471 470 17897.927698687
469 471 -118787.362943604
470 471 17897.927698687
471 471 571597.928811508
472 472 224041.185506704
473 472 31829.976408488
474 472 -219490.507184759
472 473 31829.976408488
473 473 195293.356829795
474 473 -8932.980874287
472 474 -219490.507184759
473 474 -8932.980874287
474 474 218226.374914118
475 475 333844.051268266
476 475 51079.364063305
477 475 -297238.287961742
475 476 51079.364063305
476 476 262449.940036717
477 476 -9796.329775753
475 477 -297238.287961742
476 477 -9796.329775753
477 477 270362.987170800
478 478 219649.137753234
479 478 27697.229064659
480 478 -207073.982582986
478 479 27697.229064659
479 479 177082.262962205
480 479 -9878.106792940
478 480 -207073.982582986
479 480 -9878.106792940
480 480 197231.444857869
481 481 42144.942043155
482 481 -6123.514901052
483 481 -93595.252255393
481 482 -6123.514901052
482 482 144551.275253671
483 482 -8264.343908067
481 483 -93595.252255393
482 483 -8264.343908067
483 483 212051.375102187
484 484 53069.083986309
485 484 -4014.273528123
486 484 -105424.609103243
484 485 -4014.273528123
485 485 131737.023510531
486 485 -9523.107752021
484 486 -105424.609103243
485 486 -9523.107752021
486 486 212424.463470954
487 487 1369.741571162
488 487 15328.646131068
489 487 672.902811111
487 488 15328.646131068
488 488 215758.517590240
489 488 11360.117112941
487 489 672.902811111
488 489 11360.117112941
489 489 424497.515289798
490 490 1872.647555392
491 490 4694.125894996
492 490 26621.102040485
490 491 4694.125894996
491 491 197611.719652108
492 491 8271.590155852
490 492 26621.102040485
491 492 8271.590155852
492 492 457907.867556688
493 493 326.658104652
494 493 3893.666088591
495 493 442.529282436
493 494 3893.666088591
494 494 193915.111129815
495 494 5521.347102436
493 495 442.529282436
494 495 5521.347102436
495 495 447497.472072415
496 496 49269.416902986
497 496 22586.634217744
498 496 -139355.660353419
496 497 22586.634217744
497 497 236242.285641372
498 497 643.739946617
496 498 -139355.660353419
497 498 643.739946617
498 498 416886.359087615
499 499 38844.723317377
500 499 13778.486680366
501 499 -116434.112599563
499 500 13778.486680366
500 500 217135.365770141
501 500 -633.918299971
499 501 -116434.112599563
500 501 -633.918299971
501 501 360306.874925840
502 502 746.477042915
503 502 1234.261212579
504 502 -14282.502804115
502 503 1234.261212579
503 503 184835.837620322
504 503 3233.249179748
502 504 -14282.502804115
503 504 3233.249179748
504 504 397666.852374254
505 505 2264.820817091
506 505 781.828300210
507 505 -26439.573953243
505 506 781.828300210
506 506 155297.784452506
507 506 1188.673680158
505 507 -26439.573953243
506 507 1188.673680158
507 507 337148.325332552
508 508 18681.561781294
509 508 8685.561645877
510 508 87741.141288483
508 509 8685.561645877
509 509 172101.258010073
510 509 14183.438857182
508 510 87741.141288483
509 510 14183.438857182
510 510 420590.989056821
511 511 19248.395813659
512 511 18362.103059713
513 511 100846.053933641
511 512 18362.103059713
512 512 241664.200968126
513 512 20831.916206816
511 513 100846.053933641
512 513 20831.916206816
513 513 562377.593637833
514 514 30217.244225988
515 514 8414.223828703
516 514 132963.476156356
514 515 8414.223828703
515 515 212215.230909026
516 515 17738.492224355
514 516 132963.476156356
515 516 17738.492224355
516 516 591670.851183485
517 517 14191.275221690
518 517 5887.523286543
519 517 85350.690500101
517 518 5887.523286543
518 518 207080.888498849
519 518 13423.264078349
517 519 85350.690500101
518 519 13423.264078349
519 519 524494.308390850
520 520 15592.345713743
521 520 20931.557968759
522 520 97937.618211591
520 521 20931.557968759
521 521 266380.349101975
522 521 21474.219079427
520 522 97937.618211591
521 522 21474.219079427
522 522 685814.124129616
523 523 3804.532020392
524 523 -504.539429196
525 523 37494.626206584
523 524 -504.539429196
524 524 189010.954047849
525 524 7537.177087936
523 525 37494.626206584
524 525 7537.177087936
525 525 387556.615550380
526 526 14661.770120972
527 526 -23307.153808504
528 526 51806.267237319
526 527 -23307.153808504
527 527 101050.117013119
528 527 -3568.062979288
526 528 51806.267237319
527 528 -3568.062979288
528 528 282804.255792911
529 529 8580.729561175
530 529 -11645.781693271
531 529 46373.893746717
529 530 -11645.781693271
530 530 115957.990641013
531 530 1353.886713063
529 531 46373.893746717
530 531 1353.886713063
531 531 295642.424933541
532 532 983.405951451
533 532 -6398.093791856
534 532 14146.933070767
532 533 -6398.093791856
533 533 149370.350523344
534 533 1577.554932671
532 534 14146.933070767
533 534 1577.554932671
534 534 359468.826252662
535 535 41434.657986423
536 535 21259.213514340
537 535 162000.863379410
535 536 21259.213514340
536 536 231576.868930173
537 536 25350.303094234
535 537 162000.863379410
536 537 25350.303094234
537 537 653479.588091731
538 538 18215.648666064
539 538 45314.178591529
540 538 94379.256799469
538 539 45314.178591529
539 539 298279.629805160
540 539 31582.816664578
538 540 94379.256799469
539 540 31582.816664578
540 540 746907.260696373
541 541 53762.239128545
542 541 26689.138602518
543 541 188881.089943217
541 542 26689.138602518
542 542 238043.497151529
543 542 29507.643538511
541 543 188881.089943217
542 543 29507.643538511
543 543 686445.517259078
544 544 41171.222227626
545 544 25266.989654834
546 544 -130969.098850366
544 545 25266.989654834
545 545 248523.495762084
546 545 2944.186726711
544 546 -130969.098850366
545 546 2944.186726711
546 546 452326.028749007
547 547 40947.717355653
548 547 2624.163685766
549 547 -107865.338938089
547 548 2624.163685766
548 548 172033.928796903
