# name: /app/data/Hpp_fullInertialBA
# type: sparse matrix
# nnz: 3384
# rows: 96
# columns: 96

1 1 264700238.499493897
2 1 -1428251.633941477
3 1 -501232.661188427
4 1 -627920.306950949
5 1 -9617153.541006703
6 1 355255.957828730
7 1 -1329142.310001453
8 1 3908.139304001
9 1 -2675.693671679
10 1 -121.191376829
11 1 -26023.762471903
12 1 2000.760403772
61 1 1720.040873009
62 1 7543.244448732
63 1 4.683209739
64 1 -594.037559686
65 1 -1116.933735710
66 1 -118.751749270
91 1 -332564.473741757
92 1 -844.590963918
93 1 3278.687468918
94 1 8.280945308
95 1 -1097.714644631
96 1 225.705544540
1 2 -1428251.633941477
2 2 297821816.376195014
3 2 8935340.251334028
4 2 18453574.709100943
5 2 429741.867099558
6 2 -1191636.027967382
7 2 -2721.785527405
8 2 -1321458.717042395
9 2 -52878.044617529
10 2 23661.156271009
11 2 -5136.922448525
12 2 87387.770932870
61 2 22482.723625014
62 2 -1426.660877917
63 2 886.492327032
64 2 21.077336520
65 2 502.085371911
66 2 1692.810290330
91 2 765.633946465
92 2 -332657.605395705
93 2 -4242.751546322
94 2 1170.971251355
95 2 35.902757097
96 2 2562.146204556
1 3 -501232.661188427
2 3 8935340.251334028
3 3 244332777.099130273
4 3 -384248.999894623
5 3 830963.740474320
6 3 201518.757286786
7 3 8673.619586314
8 3 52456.534552816
9 3 -1322731.461259342
10 3 -3789.113854667
11 3 -86647.322666091
12 3 -5107.428368087
61 3 913.163965051
62 3 21239.422077180
63 3 -127.423308000
64 3 -195.070186291
65 3 457.837613997
66 3 -562.355974591
91 3 -3314.880080027
92 3 4237.739397931
93 3 -332647.099461794
94 3 -206.841330768
95 3 -2593.519228545
96 3 37.113360380
1 4 -627920.306950949
2 4 18453574.709100943
3 4 -384248.999894623
4 4 249282896.066756487
5 4 -46.933612839
6 4 -1800289.872233746
7 4 20.460980006
8 4 27786.966513142
9 4 -1157.863359640
10 4 -1832031.833929884
11 4 4425.310156207
12 4 -7917.116661009
61 4 -86962.909575086
62 4 19551.702293769
63 4 217566.131720299
64 4 -82425.641162232
65 4 18536.532414473
66 4 206265.470555020
91 4 -5.745239481
92 4 -47.749876549
93 4 -106.630617936
94 4 -1532.165178988
95 4 -22.706640900
96 4 -327.567495049
1 5 -9617153.541006703
2 5 429741.867099558
3 5 830963.740474320
4 5 -46.933612839
5 5 243758126.428678811
6 5 -1700975.466139992
7 5 -29183.914387893
8 5 1720.990316560
9 5 -83086.228244744
10 5 -4012.649647723
11 5 -1829499.239213830
12 5 -72361.407504815
61 5 15562.250777452
62 5 234020.807752718
63 5 -14823.097892632
64 5 14749.545738602
65 5 221794.363625997
66 5 -14050.324789387
91 5 -327.164995307
92 5 -305.614659267
93 5 268.589333840
94 5 26.103811714
95 5 -1535.171232330
96 5 72.086147732
1 6 355255.957828730
2 6 -1191636.027967383
3 6 201518.757286786
4 6 -1800289.872233746
5 6 -1700975.466139992
6 6 239342299.834585279
7 6 1865.859102282
8 6 83568.938420421
9 6 1650.046284058
10 6 8858.079614779
11 6 72313.638353697
12 6 -1829615.305020625
61 6 -217767.669932554
62 6 8916.297444409
63 6 -87930.203508100
64 6 -206388.687948784
65 6 8448.236143490
66 6 -83358.449097071
91 6 6.472616728
92 6 -138.034259548
93 6 -314.261185592
94 6 322.687636472
95 6 -72.118350880
96 6 -1538.996999967
1 7 -1329142.310001453
2 7 -2721.785527405
3 7 8673.619586314
4 7 20.460980006
5 7 -29183.914387893
6 7 1865.859102282
7 7 266701976.565825224
8 7 -1034713.373392796
9 7 -901084.022061526
10 7 -672574.933560833
11 7 -13353760.862987652
12 7 1299551.029406067
13 7 -3731988.485739740
14 7 5999.166641451
15 7 18189.239684084
16 7 -182.982770899
17 7 -109177.722910807
18 7 7203.850116263
61 7 192.265430244
62 7 -67.250286390
63 7 86.837663533
64 7 5484.519315851
65 7 20499.219418816
66 7 261.307205417
67 7 -1563.868562500
68 7 -795.884280810
69 7 -519.027047198
91 7 -601611.857898584
92 7 6454.759085943
93 7 -4050.038902481
94 7 -8.075778396
95 7 -4535.775646793
96 7 796.851644412
1 8 3908.139304001
2 8 -1321458.717042395
3 8 52456.534552816
4 8 27786.966513142
5 8 1720.990316560
6 8 83568.938420421
7 8 -1034713.373392796
8 8 291077613.633860707
9 8 9216597.885894060
10 8 22633952.630497597
11 8 595905.631293208
12 8 -1882450.625427644
13 8 -2710.214108841
14 8 -3705649.234863311
15 8 -82310.122876816
16 8 106944.836408788
17 8 -9653.054372414
18 8 269997.734713838
61 8 -594.325575917
62 8 39.992206230
63 8 -192.390638090
64 8 51496.841786115
65 8 -5889.049532774
66 8 -2205.460852753
67 8 -464.588831414
68 8 1046.324496318
69 8 1410.944653477
91 8 -6550.932213605
92 8 -602108.495367698
93 8 -14101.253884848
94 8 4652.845575053
95 8 126.958255422
96 8 10869.980310877
1 9 -2675.693671679
2 9 -52878.044617529
3 9 -1322731.461259342
4 9 -1157.863359640
5 9 -83086.228244744
6 9 1650.046284058
7 9 -901084.022061526
8 9 9216597.885894060
9 9 247750045.473091155
10 9 -1489953.819091302
11 9 1852784.407054301
12 9 87583.337254230
13 9 3643.576406703
14 9 80883.248374633
15 9 -3710153.382003658
16 9 -11373.718977126
17 9 -269178.769556451
18 9 -9633.744040000
61 9 -135.936640681
62 9 -602.064271629
63 9 231.980823885
64 9 4034.928578862
65 9 47365.545847054
66 9 940.067339597
67 9 -463.661321948
68 9 -261.101903165
69 9 -1458.752571665
91 9 3842.501101751
92 9 14119.111786941
93 9 -602133.792000900
94 9 -771.362013433
95 9 -10913.126567021
96 9 147.829981367
1 10 -121.191376829
2 10 23661.156271009
3 10 -3789.113854667
4 10 -1832031.833929884
5 10 -4012.649647723
6 10 8858.079614779
7 10 -672574.933560833
8 10 22633952.630497597
9 10 -1489953.819091302
10 10 269940186.094861507
11 10 -203.415393810
12 10 -3068981.546407542
13 10 -27.412040482
14 10 101550.392765687
15 10 -9653.615886884
16 10 -5145584.009883966
17 10 4730.577099976
18 10 10990.823132655
61 10 85919.962587873
62 10 -20029.088155789
63 10 -217937.140136283
64 10 -159836.910066528
65 10 37260.351784192
66 10 405516.686939078
67 10 -228664.795348572
68 10 53311.258031401
69 10 580333.100606843
91 10 -34.146154240
92 10 -115.911097815
93 10 -139.089556742
94 10 -2760.161043377
95 10 -27.051116168
96 10 52.334227111
1 11 -26023.762471903
2 11 -5136.922448525
3 11 -86647.322666091
4 11 4425.310156207
5 11 -1829499.239213830
6 11 72313.638353697
7 11 -13353760.862987651
8 11 595905.631293208
9 11 1852784.407054301
10 11 -203.415393810
11 11 259641832.106454194
12 11 -4788435.127159004
13 11 -104299.710988197
14 11 1673.586400332
15 11 -241569.802145235
16 11 -4626.777969712
17 11 -5140542.910333903
18 11 -111908.988462182
61 11 -24360.913765152
62 11 -233438.397269613
63 11 11859.836133022
64 11 45322.476735853
65 11 434307.844352346
66 11 -22071.899024449
67 11 64838.497566718
68 11 621317.481874787
69 11 -31581.016063997
91 11 98.178537142
92 11 -319.919604453
93 11 170.685480546
94 11 34.316251659
95 11 -2776.883390447
96 11 -114.953053304
1 12 2000.760403772
2 12 87387.770932870
3 12 -5107.428368087
4 12 -7917.116661009
5 12 -72361.407504815
6 12 -1829615.305020625
7 12 1299551.029406067
8 12 -1882450.625427643
9 12 87583.337254230
10 12 -3068981.546407542
11 12 -4788435.127159004
12 12 247170691.383680582
13 12 10538.504580798
14 12 242756.918560272
15 12 1466.749688185
16 12 -7765.462653942
17 12 111791.965019525
18 12 -5141162.616939824
61 12 217374.816946711
62 12 -18244.696109866
63 12 87459.842432694
64 12 -404427.455525677
65 12 33944.749507677
66 12 -162760.773918421
67 12 -578569.840145450
68 12 48558.741248397
69 12 -232913.039305613
91 12 -62.163719845
92 12 -143.048918730
93 12 -310.921438644
94 12 -63.377191303
95 12 113.747091448
96 12 -2769.649405939
7 13 -3731988.485739740
8 13 -2710.214108841
9 13 3643.576406703
10 13 -27.412040482
11 13 -104299.710988197
12 13 10538.504580798
13 13 262872217.559298992
14 13 -1760693.835245955
15 13 -465207.013067492
16 13 -792338.616528226
17 13 -17012436.121541250
18 13 530499.111347595
19 13 -431574.688637143
20 13 5447.562878123
21 13 6672.206846312
22 13 -269.663628587
23 13 -14292.120456704
24 13 -10226.957725330
64 13 -68.565998517
65 13 -519.678746268
66 13 20.841566826
67 13 -3812.459111931
68 13 -21920.453472240
69 13 505.940579144
70 13 -2950.340888816
71 13 667.489894716
72 13 -1216.128953386
91 13 826145.363567416
92 13 -4279.817411161
93 13 3245.056831232
94 13 4.092991593
95 13 -3506.650263301
96 13 842.960753060
7 14 5999.166641451
8 14 -3705649.234863311
9 14 80883.248374633
10 14 101550.392765687
11 14 1673.586400332
12 14 242756.918560272
13 14 -1760693.835245956
14 14 283231697.847538173
15 14 9108751.832481099
16 14 30632855.899839249
17 14 754106.249619243
18 14 -1354980.957552900
19 14 -2599.911360370
20 14 -430265.984355955
21 14 -26972.869306512
22 14 14322.506773931
23 14 -3997.812895008
24 14 41381.672511700
64 14 -157.963968847
65 14 42.069761668
66 14 498.563430050
67 14 -56899.052999918
68 14 6212.917608628
69 14 194.637100165
70 14 2608.069169384
71 14 41.052305360
72 14 937.051499012
91 14 4242.853399422
92 14 825609.045852114
93 14 -15912.073314347
94 14 3507.028182599
95 14 72.017203282
96 14 8183.395565580
7 15 18189.239684084
8 15 -82310.122876816
9 15 -3710153.382003658
10 15 -9653.615886884
11 15 -241569.802145235
12 15 1466.749688185
13 15 -465207.013067492
14 15 9108751.832481099
15 15 246073663.647966504
16 15 -1345694.105837828
17 15 2502101.407196732
18 15 48605.710610055
19 15 -5065.527068843
20 15 25678.466636146
21 15 -430646.244113912
22 15 8471.797406089
23 15 -41181.950149361
24 15 -4028.051400406
64 15 9.132573399
65 15 41.115623953
66 15 -12.709722499
67 15 -5124.062808356
68 15 -52518.051870854
69 15 1203.884713868
70 15 1163.427966720
71 15 2392.195844558
72 15 -3111.463663563
91 15 -3401.260814649
92 15 15903.832997568
93 15 825679.994277619
94 15 -840.670999591
95 15 -8187.633919548
96 15 102.681990214
7 16 -182.982770899
8 16 106944.836408788
9 16 -11373.718977126
10 16 -5145584.009883966
11 16 -4626.777969712
12 16 -7765.462653942
13 16 -792338.616528226
14 16 30632855.899839249
15 16 -1345694.105837828
16 16 305641809.116315126
17 16 -161.003473764
18 16 -4587354.265724667
19 16 -22.529963077
20 16 14248.864826670
21 16 -926.014147259
22 16 -595034.228274233
23 16 2885.627792420
24 16 7851.219403392
64 16 242316.431079196
65 16 -56953.542844670
66 16 -611656.192922329
67 16 201630.552536601
68 16 -47392.403588248
69 16 -509139.004387331
70 16 -26548.060008287
71 16 6240.080498395
72 16 67066.807577302
91 16 20.307883808
92 16 126.408601787
93 16 135.460371380
94 16 3790.574200990
95 16 65.746253890
96 16 83.059093985
7 17 -109177.722910807
8 17 -9653.054372414
9 17 -269178.769556451
10 17 4730.577099976
11 17 -5140542.910333903
12 17 111791.965019525
13 17 -17012436.121541250
14 17 754106.249619243
15 17 2502101.407196733
16 17 -161.003473764
17 17 277536247.384185612
18 17 -5880371.504305726
19 17 -15692.478400951
20 17 928.975658711
21 17 -35623.088539143
22 17 -3316.463484216
23 17 -593343.303041491
24 17 -36672.935346565
64 17 -81889.174597015
65 17 -654230.228345233
66 17 28507.719183949
67 17 -68142.847397673
68 17 -544407.563799972
69 17 23728.257155700
70 17 8971.410231892
71 17 71673.925233542
72 17 -3125.362543974
91 17 30.370464701
92 17 319.671621407
93 17 -290.665997234
94 17 -58.941640059
95 17 3803.997990980
96 17 -110.313416846
7 18 7203.850116263
8 18 269997.734713838
9 18 -9633.744040000
10 18 10990.823132655
11 18 -111908.988462182
12 18 -5141162.616939824
13 18 530499.111347595
14 18 -1354980.957552900
15 18 48605.710610055
16 18 -4587354.265724667
17 18 -5880371.504305726
18 18 249465146.362223387
19 18 1361.241405694
20 18 36232.482408713
21 18 860.318387884
22 18 -7170.700016940
23 18 36698.969294124
24 18 -593403.485899643
64 18 608368.235792858
65 18 -65377.819094930
66 18 247461.174308570
67 18 506247.141221535
68 18 -54403.206632812
69 18 205988.135423160
70 18 -66649.204404721
71 18 7162.244185308
72 18 -27132.262474726
91 18 38.850239703
92 18 230.922537488
93 18 311.991503616
94 18 -73.916427157
95 18 111.278271945
96 18 3796.884340201
13 19 -431574.688637143
14 19 -2599.911360370
15 19 -5065.527068843
16 19 -22.529963077
17 19 -15692.478400951
18 19 1361.241405694
19 19 244469523.149396479
20 19 1105955.916266373
21 19 -1309611.681537841
22 19 64072.883010207
23 19 -11252446.757941617
24 19 -1400835.760099821
25 19 -556760.361945225
26 19 -10037.518303150
27 19 -8097.272254919
28 19 391.009533351
29 19 -25007.467677147
30 19 11963.974194225
67 19 -22.844315854
68 19 -175.542038128
69 19 7.663940133
70 19 3425.799035824
71 19 1260.652523376
72 19 1258.605977199
73 19 -421.837448254
74 19 790.175088311
75 19 -275.664080781
91 19 -31395.845255910
92 19 459.268022867
93 19 -3638.853359514
94 19 -3.978533168
95 19 -1057.233030995
96 19 558.088837648
13 20 5447.562878123
14 20 -430265.984355955
15 20 25678.466636146
16 20 14248.864826670
17 20 928.975658711
18 20 36232.482408713
19 20 1105955.916266374
20 20 250733294.465070695
21 20 3285884.212640081
22 20 19437223.499000363
23 20 -120746.575175325
24 20 -2644694.401448946
25 20 11885.907832680
26 20 -553296.093964593
27 20 8981.563933140
28 20 24686.181015135
29 20 1674.523541647
30 20 44924.279757799
67 20 -437.425728344
68 20 65.130545532
69 20 -6.164784803
70 20 2110.564488406
71 20 -753.916197268
72 20 -1317.648655505
73 20 1183.982019071
74 20 -342.482915884
75 20 -332.888822934
91 20 -521.862664035
92 20 -31674.436293287
93 20 -7234.527167398
94 20 1044.865671865
95 20 14.144128055
96 20 2152.928551340
13 21 6672.206846312
14 21 -26972.869306512
15 21 -430646.244113912
16 21 -926.014147259
17 21 -35623.088539143
18 21 860.318387884
19 21 -1309611.681537841
20 21 3285884.212640081
21 21 237842002.487570763
22 21 1703038.638794047
23 21 2692742.143645591
24 21 58588.593072690
25 21 11628.608176792
26 21 -9749.927192245
27 21 -554094.411364569
28 21 -10325.942613596
29 21 -44863.833469247
30 21 907.487045463
67 21 -61.357695905
68 21 -400.231295147
69 21 17.392679940
70 21 -638.440189723
71 21 1849.779586542
72 21 3064.049086815
73 21 542.465933960
74 21 939.800474523
75 21 -630.699961872
91 21 3535.384726777
92 21 7272.858735795
93 21 -31670.322557752
94 21 -552.044237257
95 21 -2148.294284790
96 21 10.952142398
13 22 -269.663628587
14 22 14322.506773931
15 22 8471.797406089
16 22 -595034.228274233
17 22 -3316.463484216
18 22 -7170.700016940
19 22 64072.883010207
20 22 19437223.499000363
21 22 1703038.638794047
22 22 285395712.025731504
23 22 -42.230785976
24 22 -5974133.526605494
25 22 -287.588196912
26 22 17950.977002923
27 22 -1746.044264299
28 22 -767679.544620536
29 22 -16514.719900068
30 22 -13311.130390445
67 22 28843.299587026
68 22 -7104.829875359
69 22 -70359.365801264
70 22 -9881.599358481
71 22 2431.454457985
72 22 24097.692640856
73 22 -35274.086883966
74 22 8687.372241591
75 22 86084.898766446
91 22 36.353484092
92 22 38.385085055
93 22 187.009060775
94 22 -142.506684721
95 22 53.888919531
96 22 370.638195301
13 23 -14292.120456704
14 23 -3997.812895008
15 23 -41181.950149361
16 23 2885.627792420
17 23 -593343.303041491
18 23 36698.969294124
19 23 -11252446.757941619
20 23 -120746.575175325
21 23 2692742.143645591
22 23 -42.230785976
23 23 266194795.306410372
24 23 1522435.734533151
25 23 -17024.239102502
26 23 -515.976479828
27 23 -36246.940619826
28 23 16349.544614623
29 23 -766960.035084921
30 23 12300.981493100
67 23 -13931.160139848
68 23 -75014.908584777
69 23 1865.825469429
70 23 4774.586891301
71 23 25710.588585558
72 23 -641.987861177
73 23 17039.351305219
74 23 91752.735439054
75 23 -2285.093915022
91 23 326.785119007
92 23 448.410138640
93 23 -248.752215276
94 23 -42.773651297
95 23 -137.760745073
96 23 22.855631984
13 24 -10226.957725330
14 24 41381.672511700
15 24 -4028.051400406
16 24 7851.219403392
17 24 -36672.935346565
18 24 -593403.485899643
19 24 -1400835.760099821
20 24 -2644694.401448946
21 24 58588.593072690
22 24 -5974133.526605496
23 24 1522435.734533151
24 24 242348412.832354367
25 24 987.610851879
26 24 35817.274098055
27 24 -156.237641505
28 24 14261.664983417
29 24 -12030.156486843
30 24 -767171.036940831
67 24 69273.434956313
68 24 -12127.603141943
69 24 29671.090159845
70 24 -23744.434711010
71 24 4158.200395633
72 24 -10168.516134888
73 24 -84732.213650753
74 24 14834.818306748
75 24 -36308.486731735
91 24 63.625458062
92 24 88.001907910
93 24 435.019563013
94 24 -363.831642899
95 24 -26.735481327
96 24 -137.920612685
19 25 -556760.361945225
20 25 11885.907832680
21 25 11628.608176792
22 25 -287.588196912
23 25 -17024.239102502
24 25 987.610851879
25 25 259222543.272046298
26 25 -358534.314900070
27 25 -1593461.104111500
28 25 -392147.206488478
29 25 -15529663.581354106
30 25 779194.769962162
31 25 -358113.869438404
32 25 -8046.841639615
33 25 -8854.848232303
34 25 55.864029651
35 25 -11041.822881108
36 25 7282.191465725
70 25 -7.681888332
71 25 93.458386598
72 25 -10.061608026
73 25 315.543564671
74 25 -1841.766690727
75 25 279.737642738
76 25 684.328508568
77 25 193.148491957
78 25 248.897632902
91 25 49861.223857081
92 25 -3673.913037076
93 25 -4682.956683917
94 25 -3.687428978
95 25 -838.848700508
96 25 49.853162710
19 26 -10037.518303150
20 26 -553296.093964593
21 26 -9749.927192245
22 26 17950.977002923
23 26 -515.976479828
24 26 35817.274098055
25 26 -358534.314900070
26 26 278932577.889510632
27 26 8466171.697361898
28 26 26674574.215934731
29 26 449623.043229501
30 26 -1911883.401387885
31 26 6993.600265102
32 26 -355590.935908098
33 26 22907.824634105
34 26 11309.994859200
35 26 2422.942148926
36 26 22403.072504991
70 26 476.222336043
71 26 -81.729610783
72 26 91.086584439
73 26 -3989.691758661
74 26 771.330661586
75 26 372.511887484
76 26 -186.400283833
77 26 -174.724204066
78 26 -515.154222519
91 26 3698.179315602
92 26 49650.168561021
93 26 1036.799540764
94 26 809.515597518
95 26 -55.548423710
96 26 2032.243772725
19 27 -8097.272254919
20 27 8981.563933140
21 27 -554094.411364569
22 27 -1746.044264299
23 27 -36246.940619826
24 27 -156.237641505
25 27 -1593461.104111500
26 27 8466171.697361896
27 27 242715058.692484349
28 27 -1527510.173048350
29 27 2169665.150106074
30 27 -59877.854826920
31 27 10864.962016693
32 27 -22670.830578690
33 27 -355922.489853866
34 27 -5734.725724397
35 27 -22457.971341458
36 27 2003.561275403
70 27 91.634818947
71 27 474.426020019
72 27 -28.045896841
73 27 -957.741361053
74 27 -3554.954253893
75 27 680.475764315
76 27 -82.880083517
77 27 -260.265716437
78 27 621.109847909
91 27 4469.372906914
92 27 -965.683518031
93 27 49804.695503303
94 27 -79.288379259
95 27 -2022.848259054
96 27 -48.604130626
19 28 391.009533351
20 28 24686.181015135
21 28 -10325.942613596
22 28 -767679.544620536
23 28 16349.544614623
24 28 14261.664983417
25 28 -392147.206488478
26 28 26674574.215934731
27 28 -1527510.173048351
28 28 281822391.696059704
29 28 -28.560015201
30 28 -2983371.631636266
31 28 -185.375167959
32 28 9183.080207281
33 28 -0.412852064
34 28 -493336.052976288
35 28 -10605.656324766
36 28 -12954.186269121
70 28 35955.194101935
71 28 -6817.346750314
72 28 -91512.554703638
73 28 10966.587855320
74 28 -2080.098316056
75 28 -27942.854994013
76 28 -21917.920241190
77 28 4157.441032161
78 28 55759.751894540
91 28 -10.736549398
92 28 -7.240643336
93 28 20.626383163
94 28 217.230592101
95 28 -29.879528621
96 28 25.317619527
19 29 -25007.467677147
20 29 1674.523541647
21 29 -44863.833469247
22 29 -16514.719900068
23 29 -766960.035084921
24 29 -12030.156486843
25 29 -15529663.581354106
26 29 449623.043229501
27 29 2169665.150106073
28 29 -28.560015201
29 29 263334369.006357878
30 29 -5294524.621974373
31 29 -8190.736163779
32 29 -602.656856608
33 29 -18932.253301805
34 29 9771.130607918
35 29 -492238.662863854
36 29 31420.984520656
70 29 -15763.605902921
71 29 -97182.830585742
72 29 1052.678918813
73 29 -4809.155891838
74 29 -29648.866516789
75 29 321.556005294
76 29 9609.919569627
77 29 59245.254343228
78 29 -640.413044520
91 29 5.407728813
92 29 49.819094218
93 29 4.903428273
94 29 26.696062022
95 29 225.786699807
96 29 15.179780572
19 30 11963.974194225
20 30 44924.279757799
21 30 907.487045463
22 30 -13311.130390445
23 30 12300.981493100
24 30 -767171.036940831
25 30 779194.769962162
26 30 -1911883.401387884
27 30 -59877.854826920
28 30 -2983371.631636265
29 30 -5294524.621974373
30 30 241682793.873727351
31 30 -564.314915238
32 30 18465.750555121
33 30 -443.028109830
34 30 13864.197836167
35 30 -31151.193134474
36 30 -492221.773633071
70 30 90293.211010287
71 30 -14251.900890210
72 30 36632.388203132
73 30 27548.163676479
74 30 -4347.893671989
75 30 11186.707533243
76 30 -55045.829797011
77 30 8687.718186227
78 30 -22320.741803764
91 30 -4.309195167
92 30 -3.651453774
93 30 37.666308156
94 30 -24.817307932
95 30 -22.944843121
96 30 217.916637017
25 31 -358113.869438404
26 31 6993.600265102
27 31 10864.962016693
28 31 -185.375167959
29 31 -8190.736163779
30 31 -564.314915238
31 31 268695119.186965227
32 31 -2244772.942379331
33 31 -758281.376763768
34 31 -943919.641983051
35 31 -11257446.366825268
36 31 69769.119759500
37 31 -294967.834316125
38 31 3082.241669718
39 31 -919.494360481
40 31 -106.934810643
41 31 -6206.412978744
42 31 5580.545869036
73 31 89.672263118
74 31 19.579206664
75 31 29.279186452
76 31 -665.137660735
77 31 -280.698056140
78 31 -231.793099646
79 31 1742.376403114
80 31 -245.577790241
81 31 646.732150774
91 31 15887.740883086
92 31 84.988690146
93 31 -1804.959302720
94 31 14.660027780
95 31 -492.005789437
96 31 -310.907634033
25 32 -8046.841639615
26 32 -355590.935908098
27 32 -22670.830578690
28 32 9183.080207281
29 32 -602.656856608
30 32 18465.750555121
31 32 -2244772.942379331
32 32 306362513.541017115
33 32 11060030.577588376
34 32 21663444.612269368
35 32 539882.216782488
36 32 -1392150.509698489
37 32 -4764.855187492
38 32 -291440.616357258
39 32 22097.103443268
40 32 7057.177389915
41 32 1265.250172256
42 32 12335.683661111
73 32 131.107887998
74 32 -17.494336496
75 32 11.929913904
76 32 170.044992758
77 32 197.154659164
78 32 553.700206853
79 32 -1909.418325282
80 32 48.763282270
81 32 -744.670580914
91 32 -253.969889620
92 32 15479.059505483
93 32 7459.855803033
94 32 439.912265440
95 32 -50.899321607
96 32 1526.706644697
25 33 -8854.848232303
26 33 22907.824634105
27 33 -355922.489853866
28 33 -0.412852064
29 33 -18932.253301805
30 33 -443.028109830
31 33 -758281.376763768
32 33 11060030.577588376
33 33 245311838.173935294
34 33 -72294.436398966
35 33 891589.721300833
36 33 401600.394423716
37 33 2248.822235339
38 33 -21602.410509721
39 33 -291909.918021695
40 33 -5081.701786545
41 33 -12443.977638638
42 33 1370.851394446
73 33 -12.061953235
74 33 131.889078500
75 33 86.132015128
76 33 36.208205862
77 33 265.649925404
78 33 -630.222371215
79 33 -696.721115283
80 33 -1905.897356086
81 33 1776.113567179
91 33 1658.640927709
92 33 -7501.662124668
93 33 15566.468921272
94 33 284.080807741
95 33 -1516.569580252
96 33 -33.605850440
25 34 55.864029651
26 34 11309.994859200
27 34 -5734.725724397
28 34 -493336.052976288
29 34 9771.130607918
30 34 13864.197836167
31 34 -943919.641983051
32 34 21663444.612269364
33 34 -72294.436398966
34 34 249988593.624520451
35 34 -8.345333884
36 34 -2341882.772897277
37 34 110.370761502
38 34 5791.481806548
39 34 -590.195263414
40 34 -406167.871494875
41 34 6200.931757819
42 34 -2062.652252007
73 34 21691.631117146
74 34 -2889.195058837
75 34 -59449.426943924
76 34 2708.953952864
77 34 -360.229529465
78 34 -7439.589375907
79 34 -16925.490624657
80 34 2255.455088617
81 34 46379.620114204
91 34 5.391377219
92 34 14.952083067
93 34 -26.818760674
94 34 66.768710101
95 34 -95.632648887
96 34 -34.885578653
25 35 -11041.822881108
26 35 2422.942148926
27 35 -22457.971341458
28 35 -10605.656324766
29 35 -492238.662863854
30 35 -31151.193134474
31 35 -11257446.366825268
32 35 539882.216782488
33 35 891589.721300833
34 35 -8.345333884
35 35 243790118.633006245
36 35 -1739397.053582525
37 35 -5271.006268870
38 35 -410.732592296
39 35 -12526.032448354
40 35 -6337.913095994
41 35 -404854.461289092
42 35 30433.963797758
73 35 -5950.685006833
74 35 -63024.701268181
75 35 895.574518653
76 35 -743.822854118
77 35 -7878.270705946
78 35 113.068520961
79 35 4643.463276779
80 35 49178.990168437
81 35 -697.593278333
91 35 -1.072721208
92 35 -83.362328793
93 35 -21.125944474
94 35 112.386027376
95 35 76.776805338
96 35 -29.461396601
25 36 7282.191465725
26 36 22403.072504991
27 36 2003.561275403
28 36 -12954.186269121
29 36 31420.984520656
30 36 -492221.773633071
31 36 69769.119759500
32 36 -1392150.509698489
33 36 401600.394423716
34 36 -2341882.772897277
35 36 -1739397.053582525
36 36 238834662.497813672
37 36 561.945156423
38 36 12270.749207615
39 36 -466.908606518
40 36 1739.713950496
41 36 -30466.159558377
42 36 -404930.410848233
73 36 59181.021092202
74 36 -5278.333219648
75 36 21884.757247635
76 36 7398.918385946
77 36 -660.169838961
78 36 2740.362346441
79 36 -46180.197693370
80 36 4118.362042168
81 36 -17073.068369061
91 36 -11.572907793
92 36 23.765851230
93 36 -71.270894061
94 36 29.846545827
95 36 32.167116761
96 36 72.527541332
31 37 -294967.834316125
32 37 -4764.855187492
33 37 2248.822235339
34 37 110.370761502
35 37 -5271.006268870
36 37 561.945156423
37 37 264882754.070449889
38 37 -2177253.985885158
39 37 1192290.525603109
40 37 -678612.739163368
41 37 -7560571.781780547
42 37 -271252.752550018
43 37 -750972.903000564
44 37 -11694.311692289
45 37 -5927.969729977
46 37 88.240481287
47 37 -8748.711894512
48 37 298.747252421
76 37 -40.751506805
77 37 49.790639867
78 37 -15.850747773
79 37 -2356.012586777
80 37 1835.396540734
81 37 -959.579116406
82 37 2292.574002238
83 37 -1002.706741558
84 37 893.815243478
91 37 -114134.551964252
92 37 -951.805401654
93 37 351.653885140
94 37 11.091334460
95 37 -690.530892508
96 37 -602.165535852
31 38 3082.241669718
32 38 -291440.616357258
33 38 -21602.410509721
34 38 5791.481806548
35 38 -410.732592296
36 38 12270.749207615
37 38 -2177253.985885158
38 38 302121955.807197690
39 38 7679075.085954723
40 38 14557662.853385646
41 38 423478.275977918
42 38 764079.020375546
43 38 9884.733670096
44 38 -746571.320003257
45 38 -10604.853441794
46 38 8054.884882102
47 38 -559.257959216
48 38 35528.347536534
76 38 244.932926224
77 38 -13.917862112
78 38 27.684400522
79 38 8445.765309220
80 38 -59.623911048
81 38 1254.446065892
82 38 -3015.059766678
83 38 128.808230065
84 38 46.064560766
91 38 819.298321449
92 38 -114353.180279614
93 38 3734.661945259
94 38 677.516774461
95 38 -22.374486923
96 38 2273.440317629
31 39 -919.494360481
32 39 22097.103443268
33 39 -291909.918021695
34 39 -590.195263414
35 39 -12526.032448354
36 39 -466.908606518
37 39 1192290.525603109
38 39 7679075.085954723
39 39 243592719.609357506
40 39 275999.801002594
41 39 -134161.036908511
42 39 254574.544578782
43 39 8296.371250754
44 39 11233.570261177
45 39 -747005.906135360
46 39 -24.771763810
47 39 -35356.112573611
48 39 -676.156140949
76 39 28.701647407
77 39 239.014987013
78 39 -53.687874725
79 39 967.629562406
80 39 8147.002309642
81 39 -2857.699080013
82 39 -958.289334319
83 39 -2688.989843081
84 39 2478.382981601
91 39 -382.693189599
92 39 -3726.645743294
93 39 -114363.358896601
94 39 606.471250474
95 39 -2263.176557370
96 39 -19.759073295
31 40 -106.934810643
32 40 7057.177389915
33 40 -5081.701786545
34 40 -406167.871494875
35 40 -6337.913095994
36 40 1739.713950496
37 40 -678612.739163368
38 40 14557662.853385646
39 40 275999.801002594
40 40 241888267.952468634
41 40 -12.399051993
42 40 -579623.994705835
43 40 -130.780995694
44 40 9562.417817803
45 40 -1550.118567299
46 40 -1034703.818680563
47 40 -13478.258532673
48 40 -9823.083898981
76 40 17576.130723935
77 40 -3171.872585211
78 40 -48977.433497405
79 40 -28123.752884387
80 40 5076.305022406
81 40 78331.232094531
82 40 -42454.883773738
83 40 7658.582668142
84 40 118283.440406557
91 40 -8.100661841
92 40 -14.015795842
93 40 -50.479821303
94 40 -517.280516202
95 40 155.840146227
96 40 -214.246315374
31 41 -6206.412978744
32 41 1265.250172256
33 41 -12443.977638638
34 41 6200.931757819
35 41 -404854.461289092
36 41 -30466.159558377
37 41 -7560571.781780547
38 41 423478.275977918
39 41 -134161.036908511
40 41 -12.399051993
41 41 239407903.386121839
42 41 -567830.273833130
43 41 -9555.745789631
44 41 215.199989354
45 41 -35720.983803647
46 41 13622.305042905
47 41 -1034288.807012912
48 41 -14605.910886058
76 41 -1501.444144262
77 41 -52010.305009884
78 41 2830.475854382
79 41 2402.471563907
80 41 83210.201641197
81 41 -4526.009965090
82 41 3626.363649002
83 41 125611.739775739
84 41 -6835.531179699
91 41 -194.794817486
92 41 -120.136993413
93 41 126.570838171
94 41 -141.590944068
95 41 -528.776073441
96 41 101.332651075
31 42 5580.545869036
32 42 12335.683661111
33 42 1370.851394446
34 42 -2062.652252007
35 42 30433.963797758
36 42 -404930.410848233
37 42 -271252.752550018
38 42 764079.020375545
39 42 254574.544578782
40 42 -579623.994705835
41 42 -567830.273833130
42 42 237212048.178677112
43 42 1154.645453903
44 42 35741.272570287
45 42 345.452004537
46 42 9824.550678762
47 42 14734.206952181
48 42 -1034358.576771385
76 42 49032.338876856
77 42 -455.649813008
78 42 17644.602114659
79 42 -78444.294092814
80 42 728.554442461
81 42 -28213.476746330
82 42 -118417.688113860
83 42 1101.275338720
84 42 -42605.010583194
91 42 5.290073443
92 42 -51.550649115
93 42 -129.660660896
94 42 217.656917329
95 42 -101.546125786
96 42 -519.776959196
37 43 -750972.903000564
38 43 9884.733670096
39 43 8296.371250754
40 43 -130.780995694
41 43 -9555.745789631
42 43 1154.645453903
43 43 267788639.701670557
44 43 -3078821.078480330
45 43 1200811.391634175
46 43 -873104.759258708
47 43 -8883129.419909172
48 43 -99696.137751285
49 43 -1136146.673064581
50 43 5239.277334870
51 43 15828.734571713
52 43 -347.653706318
53 43 -25176.044790330
54 43 -18769.271666028
79 43 -110.546888579
80 43 -43.194981759
81 43 -37.522425829
82 43 -3187.555396277
83 43 4407.086181232
84 43 -1335.349457083
85 43 -1023.941435565
86 43 -210.539493570
87 43 -347.302256791
91 43 -96405.801135806
92 43 317.977598638
93 43 4777.905405669
94 43 -6.784590376
95 43 -1151.980778573
96 43 -286.868505476
37 44 -11694.311692289
38 44 -746571.320003257
39 44 11233.570261177
40 44 9562.417817803
41 44 215.199989354
42 44 35741.272570287
43 44 -3078821.078480330
44 44 303458090.930706263
45 44 8142317.796132876
46 44 16050597.113439925
47 44 611610.243840349
48 44 164931.672410495
49 44 -6210.751063376
50 44 -1128582.323957280
51 44 -36598.273714864
52 44 26014.541116959
53 44 -4671.771896650
54 44 86589.865175040
79 44 -368.693517509
80 44 9.067808110
81 44 -84.541152256
82 44 13650.996301183
83 44 -549.132889237
84 44 114.814840465
85 44 100.296461603
86 44 450.237647095
87 44 453.199996931
91 44 -305.645313677
92 44 -96567.025876903
93 44 -897.365285225
94 44 1196.804355925
95 44 52.706356239
96 44 3673.651668689
37 45 -5927.969729977
38 45 -10604.853441794
39 45 -747005.906135360
40 45 -1550.118567299
41 45 -35720.983803647
42 45 345.452004537
43 45 1200811.391634175
44 45 8142317.796132876
45 45 244937897.538629740
46 45 237751.046009338
47 45 301466.532517741
48 45 265435.225886629
49 45 -10651.821284912
50 45 36821.972126082
51 45 -1129375.121777646
52 45 16854.871332857
53 45 -86716.801453825
54 45 -4792.906221073
79 45 26.627969576
80 45 -380.603513878
81 45 -94.457336560
82 45 1691.875888480
83 45 12763.316431625
84 45 -3831.186321804
85 45 -109.785082692
86 45 138.312500380
87 45 -1029.193453410
91 45 -4803.804174206
92 45 917.149659663
93 45 -96540.352062244
94 45 295.532401616
95 45 -3691.080786711
96 45 54.268035307
37 46 88.240481287
38 46 8054.884882102
39 46 -24.771763810
40 46 -1034703.818680563
41 46 13622.305042905
42 46 9824.550678762
43 46 -873104.759258708
44 46 16050597.113439923
45 46 237751.046009338
46 46 244368750.985133648
47 46 -9.931881435
48 46 -1152552.303870975
49 46 103.214186014
50 46 26114.587753390
51 46 -2301.505402065
52 46 -1565806.748115453
53 46 7790.498240143
54 46 18776.992192922
79 46 43655.100053232
80 46 -6325.723547887
81 46 -125265.083276298
82 46 -24665.936868493
83 46 3579.627768971
84 46 70803.619373735
85 46 -62588.858447947
86 46 9064.713115057
87 46 179714.157549875
91 46 0.025034495
92 46 -56.807462146
93 46 -134.065503704
94 46 -447.208800213
95 46 -161.388440775
96 46 -142.170019249
37 47 -8748.711894512
38 47 -559.257959216
39 47 -35356.112573611
40 47 -13478.258532673
41 47 -1034288.807012912
42 47 14734.206952181
43 47 -8883129.419909172
44 47 611610.243840349
45 47 301466.532517741
46 47 -9.931881435
47 47 241762782.637177616
48 47 -891625.525119526
49 47 -27590.592182821
50 47 570.171688506
51 47 -68370.080597002
52 47 -8361.000972167
53 47 -1564164.465478026
54 47 -50020.796233690
79 47 -5021.032355796
80 47 -132583.512998620
81 47 4943.024764484
82 47 2836.949340919
83 47 74915.417547664
84 47 -2792.655779880
85 47 7199.141184796
86 47 190107.279407450
87 47 -7091.768631098
91 47 33.950354854
92 47 -363.919109689
93 47 59.139882638
94 47 158.715563071
95 47 -448.409551687
96 47 -151.569350712
37 48 298.747252421
38 48 35528.347536534
39 48 -676.156140949
40 48 -9823.083898981
41 48 -14605.910886058
42 48 -1034358.576771385
43 48 -99696.137751285
44 48 164931.672410495
45 48 265435.225886629
46 48 -1152552.303870975
47 48 -891625.525119526
48 48 238762070.019114584
49 48 2869.814909129
50 48 68938.666027720
51 48 355.263637711
52 48 -17848.346117870
53 48 50107.524992645
54 48 -1564196.999073543
79 48 125288.199663720
80 48 -3109.361892263
81 48 43841.124787026
82 48 -70792.898890892
83 48 1755.119346828
84 48 -24784.826880224
85 48 -179648.794408724
86 48 4460.234735329
87 48 -62902.527347865
91 48 6.197117631
92 48 -45.904265791
93 48 -374.656783992
94 48 139.001187621
95 48 150.741054784
96 48 -448.755879271
43 49 -1136146.673064581
44 49 -6210.751063376
45 49 -10651.821284912
46 49 103.214186014
47 49 -27590.592182821
48 49 2869.814909129
49 49 273622862.693812668
50 49 -1888028.133097482
51 49 -664977.118572677
52 49 -977148.856132273
53 49 -16149390.346717482
54 49 2405244.524360496
55 49 -815249.293660732
56 49 11470.871330381
57 49 1458.886762288
58 49 -302.052972989
59 49 -17709.883028606
60 49 1446.724088657
82 49 -244.160521093
83 49 -334.321085214
84 49 -71.424571118
85 49 437.033899922
86 49 -1650.053427322
87 49 252.026820948
88 49 -274.399848618
89 49 -528.403721006
90 49 -54.725994978
91 49 80273.377772785
92 49 1527.026426364
93 49 2233.009476724
94 49 0.754101241
95 49 -1463.203370779
96 49 168.558632887
43 50 5239.277334870
44 50 -1128582.323957280
45 50 36821.972126082
46 50 26114.587753390
47 50 570.171688506
48 50 68938.666027720
49 50 -1888028.133097482
50 50 312474567.686931312
51 50 9486913.546037016
52 50 30382618.322860666
53 50 849830.657273964
54 50 -1891674.437507902
55 50 -11084.775799365
56 50 -808239.521764350
57 50 -44307.928426538
58 50 15762.908099285
59 50 -4859.346036795
60 50 55429.054579514
82 50 -274.265615226
83 50 23.113946185
84 50 260.841551233
85 50 -3125.925608130
86 50 -195.546239776
87 50 430.217065094
88 50 -593.064197746
89 50 466.455948563
90 50 784.571660437
91 50 -1580.264756511
92 50 79982.330220651
93 50 -9720.596683999
94 50 1528.754685075
95 50 68.025819331
96 50 3902.141866847
43 51 15828.734571713
44 51 -36598.273714864
45 51 -1129375.121777646
46 51 -2301.505402065
47 51 -68370.080597002
48 51 355.263637711
49 51 -664977.118572677
50 51 9486913.546037018
51 51 247746603.222628802
52 51 -2818113.971571662
53 51 1533679.510024996
54 51 134264.028528212
55 51 3692.305766025
56 51 44123.165659597
57 51 -809306.745064969
58 51 -3782.759427696
59 51 -54757.859097945
60 51 -4634.477766699
82 51 77.680472318
83 51 -178.405645297
84 51 -220.875226205
85 51 70.177679122
86 51 -2705.530667981
87 51 637.188851933
88 51 -379.715448409
89 51 -443.096061777
90 51 -210.469012131
91 51 -2271.714698278
92 51 9734.976616538
93 51 79973.249421919
94 51 -146.738150547
95 51 -3927.545641693
96 51 73.141719988
43 52 -347.653706318
44 52 26014.541116959
45 52 16854.871332857
46 52 -1565806.748115453
47 52 -8361.000972167
48 52 -17848.346117870
49 52 -977148.856132273
50 52 30382618.322860666
51 52 -2818113.971571663
52 52 266413160.271830916
53 52 -26.743981815
54 52 -2537879.140877732
55 52 218.620004526
56 52 20485.097045893
57 52 -625.253742435
58 52 -1123739.039449088
59 52 15290.194493895
60 52 -887.393856355
82 52 68205.209487375
83 52 -10700.267412090
84 52 -188736.052349050
85 52 15693.751750857
86 52 -2460.621389742
87 52 -43474.897029668
88 52 -46378.018877654
89 52 7273.631061614
90 52 128419.816110243
91 52 -14.030907434
92 52 34.478871418
93 52 19.280128301
94 52 363.745126760
95 52 -21.690501883
96 52 -93.014357096
43 53 -25176.044790330
44 53 -4671.771896650
45 53 -86716.801453825
46 53 7790.498240143
47 53 -1564164.465478026
48 53 50107.524992645
49 53 -16149390.346717479
50 53 849830.657273964
51 53 1533679.510024996
52 53 -26.743981815
53 53 253738403.323808432
54 53 -4593353.563209606
55 53 -22051.810492236
56 53 1811.005610046
57 53 -58329.392975258
58 53 -15163.467619571
59 53 -1121185.797479938
60 53 -60702.842817620
82 53 -13989.988665533
83 53 -200284.314330190
84 53 6293.829022385
85 53 -3220.145447211
86 53 -46102.071484802
87 53 1448.206714675
88 53 9513.460855075
89 53 136194.971289220
90 53 -4283.343314510
91 53 -326.552516268
92 53 35.546065555
93 53 93.166594095
94 53 31.899608886
95 53 369.355444341
96 53 75.897310845
43 54 -18769.271666028
44 54 86589.865175040
45 54 -4792.906221073
46 54 18776.992192922
47 54 -50020.796233690
48 54 -1564196.999073543
49 54 2405244.524360496
50 54 -1891674.437507902
51 54 134264.028528211
52 54 -2537879.140877732
53 54 -4593353.563209606
54 54 245415284.444180250
55 54 1887.392429240
56 54 58890.865581925
57 54 1526.438366155
58 54 2363.104888416
59 54 60667.270297738
60 54 -1121403.895431247
82 54 188418.391637996
83 54 -10998.196917785
84 54 68779.695054625
85 54 43372.971034642
86 54 -2532.635961007
87 54 15845.258500334
88 54 -128126.849523069
89 54 7479.751955683
90 54 -46799.125852953
91 54 -18.696882024
92 54 16.718118281
93 54 41.892309721
94 54 92.837092577
95 54 -79.679384763
96 54 364.323804360
49 55 -815249.293660732
50 55 -11084.775799365
51 55 3692.305766025
52 55 218.620004526
53 55 -22051.810492236
54 55 1887.392429240
55 55 269334622.861862540
56 55 -2030048.399287609
57 55 -2447529.553145247
58 55 -1869967.737074652
59 55 -31532800.068312276
60 55 3844832.041769496
85 55 -39.143492783
86 55 -138.712643281
87 55 -5.292245477
88 55 -805.976982049
89 55 -5329.388244260
90 55 67.893487650
91 55 204030.308086746
92 55 1523.173051835
93 55 -3073.072200460
94 55 2.361003724
95 55 -654.078178163
96 55 49.352292443
49 56 11470.871330381
50 56 -808239.521764350
51 56 44123.165659597
52 56 20485.097045893
53 56 1811.005610046
54 56 58890.865581925
55 56 -2030048.399287609
56 56 302983571.579223335
57 56 9250969.648063220
58 56 61339910.998970978
59 56 1526196.189002740
60 56 -8279153.965350185
85 56 -428.073800974
86 56 41.822457908
87 56 -18.198119743
88 56 -15089.323494456
89 56 1488.513733582
90 56 -225.305467971
91 56 -1592.912539248
92 56 203721.178381725
93 56 -9853.185994433
94 56 651.641384469
95 56 43.400428097
96 56 1721.878948124
49 57 1458.886762288
50 57 -44307.928426538
51 57 -809306.745064969
52 57 -625.253742435
53 57 -58329.392975258
54 57 1526.438366155
55 57 -2447529.553145247
56 57 9250969.648063220
57 57 246244283.480964839
58 57 -5440553.096486965
59 57 6626256.566769968
60 57 347136.165953043
85 57 -30.210564365
86 57 -406.178352633
87 57 -11.982662723
88 57 -1290.296068249
89 57 -14121.001634856
90 57 191.555472937
91 57 3024.283790470
92 57 9853.193474953
93 57 203687.917941751
94 57 -27.410920297
95 57 -1721.022902855
96 57 41.012925364
49 58 -302.052972989
50 58 15762.908099285
51 58 -3782.759427696
52 58 -1123739.039449088
53 58 -15163.467619571
54 58 2363.104888416
55 58 -1869967.737074652
56 58 61339910.998970978
57 58 -5440553.096486965
58 58 383091533.418050051
59 58 -16.800183653
60 58 -15948856.502494546
85 58 48552.500940345
86 58 -9600.566068611
87 58 -135471.871096827
88 58 46012.634419287
89 58 -9101.166442808
90 58 -128434.836753302
91 58 21.315494951
92 58 43.202847657
93 58 104.306865630
94 58 942.560513360
