# name: /app/data/Hpp_fullInertialBA
# type: sparse matrix
# nnz: 3384
# rows: 96
# columns: 96

1 1 264700238.499493897
2 1 -1428251.633941477
3 1 -501232.661188427
4 1 -627920.306950949
5 1 -9617153.541006703
6 1 355255.957828730
7 1 -1329142.310001453
8 1 3908.139304001
9 1 -2675.693671679
10 1 -121.191376829
11 1 -26023.762471903
12 1 2000.760403772
61 1 1720.040873009
62 1 7543.244448732
63 1 4.683209739
64 1 -594.037559686
65 1 -1116.933735710
66 1 -118.751749270
91 1 -332564.473741757
92 1 -844.590963918
93 1 3278.687468918
94 1 8.280945308
95 1 -1097.714644631
96 1 225.705544540
1 2 -1428251.633941477
2 2 297821816.376195014
3 2 8935340.251334028
4 2 18453574.709100943
5 2 429741.867099558
6 2 -1191636.027967382
7 2 -2721.785527405
8 2 -1321458.717042395
9 2 -52878.044617529
10 2 23661.156271009
11 2 -5136.922448525
12 2 87387.770932870
61 2 22482.723625014
62 2 -1426.660877917
63 2 886.492327032
64 2 21.077336520
65 2 502.085371911
66 2 1692.810290330
91 2 765.633946465
92 2 -332657.605395705
93 2 -4242.751546322
94 2 1170.971251355
95 2 35.902757097
96 2 2562.146204556
1 3 -501232.661188427
2 3 8935340.251334028
3 3 244332777.099130273
4 3 -384248.999894623
5 3 830963.740474320
6 3 201518.757286786
7 3 8673.619586314
8 3 52456.534552816
9 3 -1322731.461259342
10 3 -3789.113854667
11 3 -86647.322666091
12 3 -5107.428368087
61 3 913.163965051
62 3 21239.422077180
63 3 -127.423308000
64 3 -195.070186291
65 3 457.837613997
66 3 -562.355974591
91 3 -3314.880080027
92 3 4237.739397931
93 3 -332647.099461794
94 3 -206.841330768
95 3 -2593.519228545
96 3 37.113360380
1 4 -627920.306950949
2 4 18453574.709100943
3 4 -384248.999894623
4 4 249282896.066756487
5 4 -46.933612839
6 4 -1800289.872233746
7 4 20.460980006
8 4 27786.966513142
9 4 -1157.863359640
10 4 -1832031.833929884
11 4 4425.310156207
12 4 -7917.116661009
61 4 -86962.909575086
62 4 19551.702293769
63 4 217566.131720299
64 4 -82425.641162232
65 4 18536.532414473
66 4 206265.470555020
91 4 -5.745239481
92 4 -47.749876549
93 4 -106.630617936
94 4 -1532.165178988
95 4 -22.706640900
96 4 -327.567495049
1 5 -9617153.541006703
2 5 429741.867099558
3 5 830963.740474320
4 5 -46.933612839
5 5 243758126.428678811
6 5 -1700975.466139992
7 5 -29183.914387893
8 5 1720.990316560
9 5 -83086.228244744
10 5 -4012.649647723
11 5 -1829499.239213830
12 5 -72361.407504815
61 5 15562.250777452
62 5 234020.807752718
63 5 -14823.097892632
64 5 14749.545738602
65 5 221794.363625997
66 5 -14050.324789387
91 5 -327.164995307
92 5 -305.614659267
93 5 268.589333840
94 5 26.103811714
95 5 -1535.171232330
96 5 72.086147732
1 6 355255.957828730
2 6 -1191636.027967383
3 6 201518.757286786
4 6 -1800289.872233746
5 6 -1700975.466139992
6 6 239342299.834585279
7 6 1865.859102282
8 6 83568.938420421
9 6 1650.046284058
10 6 8858.079614779
11 6 72313.638353697
12 6 -1829615.305020625
61 6 -217767.669932554
62 6 8916.297444409
63 6 -87930.203508100
64 6 -206388.687948784
65 6 8448.236143490
66 6 -83358.449097071
91 6 6.472616728
92 6 -138.034259548
93 6 -314.261185592
94 6 322.687636472
95 6 -72.118350880
96 6 -1538.996999967
1 7 -1329142.310001453
2 7 -2721.785527405
3 7 8673.619586314
4 7 20.460980006
5 7 -29183.914387893
6 7 1865.859102282
7 7 266701976.565825224
8 7 -1034713.373392796
9 7 -901084.022061526
10 7 -672574.933560833
11 7 -13353760.862987652
12 7 1299551.029406067
13 7 -3731988.485739740
14 7 5999.166641451
15 7 18189.239684084
16 7 -182.982770899
17 7 -109177.722910807
18 7 7203.850116263
61 7 192.265430244
62 7 -67.250286390
63 7 86.837663533
64 7 5484.519315851
65 7 20499.219418816
66 7 261.307205417
67 7 -1563.868562500
68 7 -795.884280810
69 7 -519.027047198
91 7 -601611.857898584
92 7 6454.759085943
93 7 -4050.038902481
94 7 -8.075778396
95 7 -4535.775646793
96 7 796.851644412
1 8 3908.139304001
2 8 -1321458.717042395
3 8 52456.534552816
4 8 27786.966513142
5 8 1720.990316560
6 8 83568.938420421
7 8 -1034713.373392796
8 8 291077613.633860707
9 8 9216597.885894060
10 8 22633952.630497597
11 8 595905.631293208
12 8 -1882450.625427644
13 8 -2710.214108841
14 8 -3705649.234863311
15 8 -82310.122876816
16 8 106944.836408788
17 8 -9653.054372414
18 8 269997.734713838
61 8 -594.325575917
62 8 39.992206230
63 8 -192.390638090
64 8 51496.841786115
65 8 -5889.049532774
66 8 -2205.460852753
67 8 -464.588831414
68 8 1046.324496318
69 8 1410.944653477
91 8 -6550.932213605
92 8 -602108.495367698
93 8 -14101.253884848
94 8 4652.845575053
95 8 126.958255422
96 8 10869.980310877
1 9 -2675.693671679
2 9 -52878.044617529
3 9 -1322731.461259342
4 9 -1157.863359640
5 9 -83086.228244744
6 9 1650.046284058
7 9 -901084.022061526
8 9 9216597.885894060
9 9 247750045.473091155
10 9 -1489953.819091302
11 9 1852784.407054301
12 9 87583.337254230
13 9 3643.576406703
14 9 80883.248374633
15 9 -3710153.382003658
16 9 -11373.718977126
17 9 -269178.769556451
18 9 -9633.744040000
61 9 -135.936640681
62 9 -602.064271629
63 9 231.980823885
64 9 4034.928578862
65 9 47365.545847054
66 9 940.067339597
67 9 -463.661321948
68 9 -261.101903165
69 9 -1458.752571665
91 9 3842.501101751
92 9 14119.111786941
93 9 -602133.792000900
94 9 -771.362013433
95 9 -10913.126567021
96 9 147.829981367
1 10 -121.191376829
2 10 23661.156271009
3 10 -3789.113854667
4 10 -1832031.833929884
5 10 -4012.649647723
6 10 8858.079614779
7 10 -672574.933560833
8 10 22633952.630497597
9 10 -1489953.819091302
10 10 269940186.094861507
11 10 -203.415393810
12 10 -3068981.546407542
13 10 -27.412040482
14 10 101550.392765687
15 10 -9653.615886884
16 10 -5145584.009883966
17 10 4730.577099976
18 10 10990.823132655
61 10 85919.962587873
62 10 -20029.088155789
63 10 -217937.140136283
64 10 -159836.910066528
65 10 37260.351784192
66 10 405516.686939078
67 10 -228664.795348572
68 10 53311.258031401
69 10 580333.100606843
91 10 -34.146154240
92 10 -115.911097815
93 10 -139.089556742
94 10 -2760.161043377
95 10 -27.051116168
96 10 52.334227111
1 11 -26023.762471903
2 11 -5136.922448525
3 11 -86647.322666091
4 11 4425.310156207
5 11 -1829499.239213830
6 11 72313.638353697
7 11 -13353760.862987651
8 11 595905.631293208
9 11 1852784.407054301
10 11 -203.415393810
11 11 259641832.106454194
12 11 -4788435.127159004
13 11 -104299.710988197
14 11 1673.586400332
15 11 -241569.802145235
16 11 -4626.777969712
17 11 -5140542.910333903
18 11 -111908.988462182
61 11 -24360.913765152
62 11 -233438.397269613
63 11 11859.836133022
64 11 45322.476735853
65 11 434307.844352346
66 11 -22071.899024449
67 11 64838.497566718
68 11 621317.481874787
69 11 -31581.016063997
91 11 98.178537142
92 11 -319.919604453
93 11 170.685480546
94 11 34.316251659
95 11 -2776.883390447
96 11 -114.953053304
1 12 2000.760403772
2 12 87387.770932870
3 12 -5107.428368087
4 12 -7917.116661009
5 12 -72361.407504815
6 12 -1829615.305020625
7 12 1299551.029406067
8 12 -1882450.625427643
9 12 87583.337254230
10 12 -3068981.546407542
11 12 -4788435.127159004
12 12 247170691.383680582
13 12 10538.504580798
14 12 242756.918560272
15 12 1466.749688185
16 12 -7765.462653942
17 12 111791.965019525
18 12 -5141162.616939824
61 12 217374.816946711
62 12 -18244.696109866
63 12 87459.842432694
64 12 -404427.455525677
65 12 33944.749507677
66 12 -162760.773918421
67 12 -578569.840145450
68 12 48558.741248397
69 12 -232913.039305613
91 12 -62.163719845
92 12 -143.048918730
93 12 -310.921438644
94 12 -63.377191303
95 12 113.747091448
96 12 -2769.649405939
7 13 -3731988.485739740
8 13 -2710.214108841
9 13 3643.576406703
10 13 -27.412040482
11 13 -104299.710988197
12 13 10538.504580798
13 13 262872217.559298992
14 13 -1760693.835245955
15 13 -465207.013067492
16 13 -792338.616528226
17 13 -17012436.121541250
18 13 530499.111347595
19 13 -431574.688637143
20 13 5447.562878123
21 13 6672.206846312
22 13 -269.663628587
23 13 -14292.120456704
24 13 -10226.957725330
64 13 -68.565998517
65 13 -519.678746268
66 13 20.841566826
67 13 -3812.459111931
68 13 -21920.453472240
69 13 505.940579144
70 13 -2950.340888816
71 13 667.489894716
72 13 -1216.128953386
