# name: /app/data/Hschur
# type: sparse matrix
# nnz: 7470
# rows: 150
# columns: 150

1 1 160605739.361143738
2 1 -1392673.716666199
3 1 -7071772.432794509
4 1 -222837.473415366
5 1 -18095422.939553887
6 1 975217.881779417
7 1 -119424726.095212266
8 1 233996.361759008
9 1 967330.879910605
10 1 21009.864977714
11 1 -1463182.369430830
12 1 41119.251369225
13 1 -3604299.119757032
14 1 56814.950952368
15 1 604775.473437669
16 1 1792.246768919
17 1 1918546.024753944
18 1 -57875.178703483
19 1 -3864789.039096941
20 1 81793.102172880
21 1 704155.640273618
22 1 2376.297459720
23 1 1915557.534490569
24 1 -68339.296575258
25 1 -4265905.224249157
26 1 83409.147475469
27 1 850554.946273540
28 1 5184.281905010
29 1 2122101.967119514
30 1 -109571.305879603
31 1 -3964034.516785291
32 1 174907.643234752
33 1 719590.441533442
34 1 30311.714927333
35 1 2080482.079637478
36 1 -128834.021851126
37 1 -4093330.033717387
38 1 100938.081149137
39 1 724261.341872162
40 1 17798.735870940
41 1 2141272.122204822
42 1 -110478.801948643
43 1 -4010682.293626618
44 1 140863.029966489
45 1 729185.379539156
46 1 27710.271035772
47 1 1884578.091400643
48 1 -119999.035863258
49 1 -3969658.500429547
50 1 114662.112356794
51 1 716640.722658500
52 1 16313.731409376
53 1 1938893.676456053
54 1 -80478.244122242
55 1 -3667132.782401438
56 1 105791.465095544
57 1 620784.036190329
58 1 17507.293688739
59 1 1723397.131888286
60 1 -74486.575625082
61 1 -57967.452057570
62 1 814257.346341590
63 1 15176.039701675
64 1 -28945247.201397911
65 1 2454.842181712
66 1 802.598205586
67 1 1.529117719
68 1 -103831.519009045
69 1 -673.409002322
70 1 18770.008505331
71 1 -5652.118696071
72 1 7301.458304750
1 2 -1392673.716666214
2 2 221619014.001626849
3 2 -585455.060607726
4 2 38356093.685535066
5 2 120005.723122888
6 2 -16236300.060935767
7 2 29954.526530768
8 2 -123740834.030324176
9 2 -2677.339820098
10 2 -306936.207388332
11 2 -18532.577216339
12 2 8741364.021491691
13 2 52541.597923646
14 2 -8846509.773834756
15 2 5247.157020021
16 2 -3710606.937041775
17 2 2395.037016815
18 2 707215.637458916
19 2 77208.608416580
20 2 -8818644.563488789
21 2 41706.716233091
22 2 -3644143.763726001
23 2 -1029.571502083
24 2 668622.273215312
25 2 84002.528125237
26 2 -10571461.242396256
27 2 85142.901056412
28 2 -4272132.345108165
29 2 -3075.301244248
30 2 964355.213890889
31 2 171870.396516947
32 2 -9280088.475732710
33 2 75566.987684110
34 2 -3923283.041070248
35 2 -17240.804855713
36 2 740171.267418593
37 2 97313.423868756
38 2 -9498435.007922189
39 2 66194.360507560
40 2 -3989688.763062411
41 2 -8093.259386066
42 2 788397.044423689
43 2 138171.150093345
44 2 -9432142.748840459
45 2 66674.091554486
46 2 -3680289.489184794
47 2 -17215.368444198
48 2 719097.912857034
49 2 112379.943912772
50 2 -9042243.177170178
51 2 9258.709600393
52 2 -3642099.044506716
53 2 -4295.177479393
54 2 725118.479957631
55 2 105672.064898679
56 2 -8304246.781513791
57 2 -23150.240192673
58 2 -3267894.874080395
59 2 -9572.460105750
60 2 612189.371334831
61 2 2164273.691801375
62 2 190367.075929390
63 2 953.457582201
64 2 -2299.518239269
65 2 -28953085.210171789
66 2 8358.982530937
67 2 103875.144022465
68 2 58.308137616
69 2 254972.333299052
70 2 -11188.014947239
71 2 -1119.048585497
72 2 3331.100104641
1 3 -7071772.432794507
2 3 -585455.060607723
3 3 131212074.833255306
4 3 -1375793.490414159
5 3 12379179.844074793
6 3 102024.266017759
7 3 956690.679702092
8 3 178192.928661461
9 3 -116150764.982381359
10 3 9420.520819080
11 3 -8431629.641330911
12 3 -17266.142874132
13 3 598880.929220851
14 3 6045.868094552
15 3 -1029967.977555685
16 3 100036.443207219
17 3 -364293.874762636
18 3 -2133.069537793
19 3 699288.467031575
20 3 41947.778518202
21 3 -1127054.837054406
22 3 119071.354248332
23 3 -401679.128084957
24 3 -217.396421941
25 3 848260.615824772
26 3 86405.780696660
27 3 -1268717.776061610
28 3 139911.040252166
29 3 -468146.152238897
30 3 -2813.391245478
31 3 717477.405470274
32 3 75778.858431333
33 3 -1188034.527874808
34 3 158653.215480138
35 3 -405181.918869508
36 3 -13272.859811775
37 3 721715.348269264
38 3 65861.823184536
39 3 -1190035.625279210
40 3 137446.752445799
41 3 -419521.628717535
42 3 -7323.864764827
43 3 727831.642565761
44 3 67104.188683467
45 3 -1174230.756371020
46 3 157387.314360970
47 3 -371274.034709420
48 3 -9227.581292788
49 3 713686.758757026
50 3 8693.726508958
51 3 -1141938.444278899
52 3 113618.413002275
53 3 -399494.756409102
54 3 -10097.311406592
55 3 620101.687714773
56 3 -26777.907990246
57 3 -1018740.986037002
58 3 94692.363202153
59 3 -324631.951036855
60 3 -6957.520330141
61 3 -181894.746957951
62 3 2004901.129828230
63 3 37412.705125671
64 3 -7203.101704041
65 3 -8426.687333608
66 3 -28951769.192760486
67 3 701.956656770
68 3 -254989.200241331
69 3 57.822225824
70 3 -6436.573947460
71 3 -10029.025039931
72 3 18090.257304082
1 4 -222837.473415370
2 4 38356093.685535051
3 4 -1375793.490414161
4 4 182716093.402958989
5 4 -1910.100872193
6 4 -3777626.763911579
7 4 23231.451046096
8 4 -689135.838502987
9 4 242854.297609496
10 4 -161142891.310013622
11 4 132550.260681343
12 4 289921.659374488
13 4 -1113.198652287
14 4 -3712032.197556673
15 4 99846.740946237
16 4 -2513164.679290583
17 4 1060.646750755
18 4 475650.667028850
19 4 1067.564538558
20 4 -3646381.456309591
21 4 118592.669709742
22 4 -1834255.184174752
23 4 959.324875163
24 4 303656.288250662
25 4 5846.948810550
26 4 -4274243.024415376
27 4 139238.155611715
28 4 -2060340.784799344
29 4 -132.523949615
30 4 400963.303886823
31 4 30765.951859173
32 4 -3925582.840457912
33 4 157082.884870338
34 4 -2695616.801838271
35 4 4045.059934910
36 4 472164.882216561
37 4 15378.689257439
38 4 -3991805.707676543
39 4 137158.917231138
40 4 -2705116.338721667
41 4 1336.970958827
42 4 492060.339291205
43 4 26641.023051909
44 4 -3681430.186639824
45 4 157115.637308756
46 4 -1558262.979803913
47 4 204.113244544
48 4 252949.381886933
49 4 14773.812134269
50 4 -3643705.323280601
51 4 113966.185961042
52 4 -1671578.623667218
53 4 630.829890610
54 4 319727.033399021
55 4 17105.820459089
56 4 -3269546.724757635
57 4 96187.325735901
58 4 -1442267.702197499
59 4 763.637882498
60 4 238778.993480565
61 4 -7570008.523598776
62 4 -887965.156407398
63 4 18778602.021998875
64 4 36.216937214
65 4 -3210.191276308
66 4 1101.947045825
67 4 -132941.718684364
68 4 -493.025016257
69 4 -192.931212299
70 4 -7243860.774412427
71 4 -849883.183240965
72 4 17973428.618862335
1 5 -18095422.939553898
2 5 120005.723122884
3 5 12379179.844074782
4 5 -1910.100872194
5 5 175054917.690585673
6 5 -664971.535075148
7 5 -1081250.625779422
8 5 -4318.943985862
9 5 -7304829.974565815
10 5 -137148.080418500
11 5 -160305987.617508382
12 5 -69296.177899388
13 5 1918672.932315171
14 5 118.324059781
15 5 -366416.185675647
16 5 -4816.663130839
17 5 -1891756.305843614
18 5 31917.766204708
19 5 1916150.333936653
20 5 -2309.364673666
21 5 -403489.325939173
22 5 1007.517276032
23 5 -1138309.346439046
24 5 35196.243244781
25 5 2123113.436824974
26 5 -2617.155267849
27 5 -469247.743096704
28 5 15.665322873
29 5 -1244364.259502088
30 5 50919.530219366
31 5 2081645.081281171
32 5 -17204.306645480
33 5 -406669.481298771
34 5 11381.213910819
35 5 -1957307.257758362
36 5 72634.590809272
37 5 2142271.460127654
38 5 -10589.510790622
39 5 -421117.736606641
40 5 -4361.540777359
41 5 -1984591.886431824
42 5 61776.339382040
43 5 1884959.979734595
44 5 -18559.780935068
45 5 -371900.255123257
46 5 -348.354901717
47 5 -942552.997226167
48 5 87374.196998072
49 5 1939309.605055774
50 5 -6182.080080079
51 5 -401154.236451343
52 5 -790.989744878
53 5 -1090524.991509496
54 5 53190.968391538
55 5 1724348.943973157
56 5 -10394.640750920
57 5 -325542.341213075
58 5 -159.470863020
59 5 -912899.222119372
60 5 53397.991852470
61 5 -1774692.446486627
62 5 20175789.042302150
63 5 239099.678976072
64 5 3109.843275056
65 5 164.198356888
66 5 8259.559034474
67 5 476.940799174
68 5 -133290.231749498
69 5 -317.220027020
70 5 -1698243.666466734
71 5 19306725.530398201
72 5 228836.381453630
1 6 975217.881779419
2 6 -16236300.060935747
3 6 102024.266017758
4 6 -3777626.763911570
5 6 -664971.535075148
6 6 165763527.567829192
7 6 -179230.304733763
8 6 7615084.386932435
9 6 -4890.314034492
10 6 275456.335483370
11 6 169323.549598175
12 6 -159740520.814827561
13 6 -57406.950555164
14 6 702469.548064926
15 6 -1061.576253430
16 6 473344.492144124
17 6 31956.350063228
18 6 -452194.149522377
19 6 -67519.408998038
20 6 664258.719064405
21 6 110.957785874
22 6 300890.940688946
23 6 35059.280604331
24 6 -431871.732894806
25 6 -108151.891882349
26 6 962774.093075090
27 6 -2526.229742694
28 6 399829.082703714
29 6 50041.964386342
30 6 -515285.088074962
31 6 -127088.122495826
32 6 739282.845301200
33 6 -13357.689615596
34 6 470511.207087776
35 6 69736.624773515
36 6 -468265.972943571
37 6 -109961.556757902
38 6 787224.293584751
39 6 -7174.825209182
40 6 489656.332309378
41 6 62389.514211667
42 6 -478731.467103115
43 6 -119849.918910789
44 6 718715.649573450
45 6 -9348.956545007
46 6 252582.803750682
47 6 87363.218357229
48 6 -412402.872438079
49 6 -80471.759011858
50 6 724591.426810541
51 6 -10513.918423218
52 6 318958.921136457
53 6 53022.350101097
54 6 -430366.910280160
55 6 -74950.190713544
56 6 615079.580699152
57 6 -7690.138916147
58 6 239897.030320830
59 6 53574.317773933
60 6 -348478.415391365
61 6 -18703297.316647839
62 6 -1555000.632782756
63 6 -7623290.470832996
64 6 -962.706520847
65 6 -8208.556710871
66 6 133.509439746
67 6 -100.712169654
68 6 322.948384791
69 6 -133230.441999755
70 6 -17897672.953619130
71 6 -1487951.002213130
72 6 -7296455.384408117
1 7 -119424726.095212266
2 7 29954.526530768
3 7 956690.679702092
4 7 23231.451046096
5 7 -1081250.625779422
6 7 -179230.304733763
7 7 204930679.088288754
8 7 -1485291.895518891
9 7 -5533202.594903132
10 7 -263730.146645846
11 7 -14475073.869109964
12 7 1307687.281770661
13 7 -52936350.905009843
14 7 170805.609647361
15 7 685580.482885115
16 7 32397.252978945
17 7 201638.898129793
18 7 -98897.845829405
19 7 -3329493.747657224
20 7 165555.791616841
21 7 528739.667183956
22 7 29383.654962782
23 7 1625770.890474065
24 7 -113919.652845745
25 7 -3706766.620246907
26 7 62568.383610658
27 7 663487.881416706
28 7 -2187.324263192
29 7 1810165.333710104
30 7 -129341.115724485
31 7 -3623023.956896842
32 7 162499.832002479
33 7 519371.465856928
34 7 24918.275988013
35 7 1736498.494288111
36 7 -134503.658748372
37 7 -3535013.469858850
38 7 59409.800166421
39 7 646011.091678598
40 7 8931.510650256
41 7 1681395.278392933
42 7 -98243.215327881
43 7 -3633107.479988346
44 7 109197.903485121
45 7 607579.732122106
46 7 17871.362563990
47 7 1733643.893900451
48 7 -137620.670728247
49 7 -3732703.197401392
50 7 71903.789804076
51 7 665511.926391690
52 7 13734.685619619
53 7 1790133.547362336
54 7 -98715.741988161
55 7 -3417459.150650161
56 7 129043.230010863
57 7 466294.708483439
58 7 22061.238150192
59 7 1622941.646558159
60 7 -97076.668975082
61 7 -2.712446960
62 7 -2661.430843686
63 7 -120.266018903
64 7 28942632.595304657
65 7 22115.151303714
66 7 -5895.114960433
67 7 63.093266247
68 7 -89430.169557539
69 7 -2763.851572917
70 7 51351.591097116
71 7 -362429.787834085
72 7 3919.225539849
73 7 -12427497.802425072
74 7 2075.005319181
75 7 305.203357520
76 7 -3.694322714
77 7 -44234.639693431
78 7 -615.311523279
79 7 3812.240476520
80 7 -940.115605553
81 7 1506.472678593
1 8 233996.361759008
2 8 -123740834.030324176
3 8 178192.928661461
4 8 -689135.838502987
5 8 -4318.943985862
6 8 7615084.386932435
7 8 -1485291.895518928
8 8 256784602.051260412
9 8 -498594.343740725
10 8 31689461.228316184
11 8 115540.689236881
12 8 -16591699.153990736
13 8 161953.605167058
14 8 -56714943.961866461
15 8 149279.441688429
16 8 -1609947.836556069
17 8 -10581.441544289
18 8 3941676.393596778
19 8 170697.605435083
20 8 -7554571.484944812
21 8 73879.159396939
22 8 -3101119.625982188
23 8 -17386.937376138
24 8 492253.670458355
25 8 73426.882492057
26 8 -8545623.671497980
27 8 125993.271155721
28 8 -3499595.573593719
29 8 -2147.769412585
30 8 588366.693238354
31 8 172787.888752426
32 8 -8112938.282199507
33 8 100506.785793012
34 8 -3327493.654137644
35 8 -18979.202047713
36 8 506642.742408638
37 8 68514.012507661
38 8 -8136205.998691923
39 8 59332.709934151
40 8 -3261406.335119684
41 8 -5947.530067690
42 8 602315.058736641
43 8 118992.898532564
44 8 -8395939.770770920
45 8 24236.498168037
46 8 -3353573.084296167
47 8 -13046.309418179
48 8 601444.743446760
49 8 84113.780267968
50 8 -8135368.039917963
51 8 616.610734363
52 8 -3256941.418374961
53 8 -100.773102175
54 8 658092.513886012
55 8 141255.362907594
56 8 -7476356.459526571
57 8 -39810.039747913
58 8 -3040342.320974093
59 8 -11996.804036340
60 8 436152.079581411
61 8 -10.196338453
62 8 -36.030476395
63 8 2852.983279231
64 8 -21994.063573156
65 8 28934789.876034621
66 8 -29966.282337286
67 8 89430.864924758
68 8 324.482297651
69 8 217747.606267209
70 8 -939614.996118594
71 8 -81726.577834068
72 8 11362.341717450
73 8 -1913.936376652
74 8 -12430849.131261446
75 8 16122.007386989
76 8 44205.699813019
77 8 165.263628359
78 8 109293.714197055
79 8 -3156.308425414
80 8 8.098539399
81 8 -44.416957805
1 9 967330.879910605
2 9 -2677.339820098
3 9 -116150764.982381359
4 9 242854.297609496
5 9 -7304829.974565815
6 9 -4890.314034492
7 9 -5533202.594903139
8 9 -498594.343740697
9 9 178606610.461676389
10 9 -1595573.581972111
11 9 13714700.681449017
12 9 149690.705959956
13 9 562280.638183574
14 9 41324.905965708
15 9 -50328782.810232334
16 9 136331.026725021
17 9 -3744246.136667914
18 9 -15876.924944871
19 9 525206.777009382
20 9 67891.481962333
21 9 -949846.974713332
22 9 138985.171195130
23 9 -286583.532192973
24 9 -14085.981121499
25 9 661706.418694386
26 9 118377.587916721
27 9 -1071600.752222558
28 9 160926.874918200
29 9 -334093.944741818
30 9 140.782233914
31 9 517404.339440705
32 9 91724.349501953
33 9 -1052133.178319685
34 9 171447.351555181
35 9 -266782.607241465
36 9 -9820.176346329
37 9 644039.200715414
38 9 49658.713641622
39 9 -1030204.452797160
40 9 121743.437701588
41 9 -327561.859102887
42 9 -6096.677502769
43 9 605493.641385809
44 9 16018.630120266
45 9 -1038257.285830638
46 9 147557.759017407
47 9 -304914.391438366
48 9 -8438.788721128
49 9 662378.775243542
50 9 -9830.504055492
51 9 -1048136.330749812
52 9 118498.816419044
53 9 -336441.148165782
54 9 -18734.597103219
55 9 464944.914394506
56 9 -48121.929237920
57 9 -932578.666040745
58 9 99996.021515730
59 9 -244818.971382378
60 9 -14983.990991832
61 9 -6.171657053
62 9 1076.730725369
63 9 -210.506650955
64 9 -506.597524733
65 9 29918.613947630
66 9 28936092.163989004
67 9 3024.413126898
68 9 -217749.239431866
69 9 259.367123572
70 9 67242.247649212
71 9 -867171.749436305
72 9 9983.231956321
73 9 -3030.904038130
74 9 -16187.489261341
75 9 -12430302.179459754
76 9 677.312050771
77 9 -109282.273254340
78 9 168.314837803
79 9 -1554.855559289
80 9 -3073.380710874
81 9 3719.970312566
1 10 21009.864977714
2 10 -306936.207388332
3 10 9420.520819080
4 10 -161142891.310013622
5 10 -137148.080418500
6 10 275456.335483370
7 10 -263730.146645853
8 10 31689461.228316206
9 10 -1595573.581972118
10 10 244641227.795607567
11 10 2186.264825902
12 10 -2381759.668126616
13 10 32252.255873203
14 10 -1805102.395294889
15 10 195286.787973382
16 10 -69864746.015488356
17 10 2693.709573821
18 10 299543.533142797
19 10 32067.324161649
20 10 -3103327.945932488
21 10 141416.828238445
22 10 -1531142.242956376
23 10 -798.996524124
24 10 198474.610349465
25 10 2928.373085823
26 10 -3501899.564788879
27 10 163638.482624665
28 10 -1693080.519317390
29 10 -1114.649287081
30 10 210567.011563737
31 10 29553.349821906
32 10 -3329299.904668292
33 10 174609.476901381
34 10 -1618107.978699084
35 10 -1193.654020345
36 10 180988.525811284
37 10 13021.938150487
38 10 -3263049.862197436
39 10 125249.451058633
40 10 -1539441.677206357
41 10 -899.245023290
42 10 215196.299595284
43 10 22275.908584374
44 10 -3355077.444562817
45 10 150619.175382689
46 10 -1468588.840429911
47 10 -1055.079318051
48 10 214673.340959950
49 10 19888.077815310
50 10 -3258554.668684947
51 10 122287.715968265
52 10 -1445147.906358904
53 10 -1500.759819547
54 10 247268.062216669
55 10 27383.458966780
56 10 -3042061.898496922
57 10 103611.420954307
58 10 -1395383.422701669
59 10 -479.049852507
60 10 181174.850187093
61 10 7644825.904168995
62 10 879324.422771722
63 10 -18958181.618635889
64 10 -38.800009904
65 10 3210.428027383
66 10 -1108.930608971
67 10 132941.280732136
68 10 605.615162143
69 10 199.308779687
70 10 3963834.350488257
71 10 456074.547668134
72 10 -9833660.313914498
73 10 -29.445463421
74 10 -1303.073404652
75 10 275.442277450
76 10 -57074.398255814
77 10 -129.765984662
78 10 -570.018947714
79 10 -3111155.010480621
80 10 -357888.146957962
81 10 7716765.354542742
1 11 -1463182.369430830
2 11 -18532.577216339
3 11 -8431629.641330911
4 11 132550.260681343
5 11 -160305987.617508382
6 11 169323.549598175
7 11 -14475073.869109970
8 11 115540.689236881
9 11 13714700.681449011
10 11 2186.264825902
11 11 237823456.231605142
12 11 -778069.906631798
13 11 388245.122509850
14 11 -18618.412749790
15 11 -3243901.460487351
16 11 -4533.467816777
17 11 -69307986.852305397
18 11 127782.592974301
19 11 1626743.389849210
20 11 -15609.809447179
21 11 -288050.082601713
22 11 304.407578703
23 11 -911352.107061528
24 11 62413.549625100
25 11 1811369.186381662
26 11 1896.732962457
27 11 -335189.531330916
28 11 1273.501115564
29 11 -1001198.409598265
30 11 66201.133267977
31 11 1737449.767093485
32 11 -15319.865083401
33 11 -268026.814946175
34 11 818.541235998
35 11 -944948.079964816
36 11 82133.832034340
37 11 1682237.878155156
38 11 -2939.030309870
39 11 -328706.594744051
40 11 723.706743018
41 11 -902383.363355041
42 11 57316.980283985
43 11 1734487.533732979
44 11 -9467.544148481
45 11 -306049.413271456
46 11 783.470725019
47 11 -887886.956643902
48 11 103279.176837480
49 11 1791142.514115216
50 11 4724.553201661
51 11 -338130.787443392
52 11 1452.679316103
53 11 -934598.900834926
54 11 80548.025771746
55 11 1624526.795629375
56 11 -7066.099926736
57 11 -246113.370300679
58 11 1992.018152125
59 11 -877849.335645946
60 11 66001.180586147
61 11 1771129.534880216
62 11 -20370772.866848942
63 11 -231116.609775095
64 11 -3110.528824699
65 11 -173.034479785
66 11 -8258.522886202
67 11 -589.321035791
68 11 133289.965127496
69 11 217.654378454
70 11 918350.309480130
71 11 -10562495.850129290
72 11 -119860.308958118
73 11 1353.565083091
74 11 -243.903901739
75 11 3209.112031358
76 11 129.753232522
77 11 -57208.985263461
78 11 -79.292274063
79 11 -720779.114865245
80 11 8290119.525124881
81 11 94069.260711939
1 12 41119.251369225
2 12 8741364.021491691
3 12 -17266.142874132
4 12 289921.659374488
5 12 -69296.177899388
6 12 -159740520.814827561
7 12 1307687.281770661
8 12 -16591699.153990747
9 12 149690.705959954
10 12 -2381759.668126620
11 12 -778069.906631795
12 12 231823112.205534577
13 12 -154405.452650969
14 12 3439694.131769063
15 12 -23000.559495927
16 12 132822.561886481
17 12 -9354.931213439
18 12 -68766376.492413670
19 12 -113397.694941201
20 12 489131.614375556
21 12 -14364.751679783
22 12 196490.791412211
23 12 61690.358589129
24 12 -352825.087185772
25 12 -128194.063378997
26 12 587319.502106667
27 12 -627.569736893
28 12 209706.235067352
29 12 65098.724862614
30 12 -413316.030108677
31 12 -133031.941169835
32 12 505917.825183821
33 12 -10350.656830948
34 12 180231.558107060
35 12 80864.428740416
36 12 -381484.816472877
37 12 -97108.034465918
38 12 601753.999812983
39 12 -6968.758947515
40 12 214555.292117645
41 12 56177.587874129
42 12 -378135.655677729
43 12 -137189.530754066
44 12 601004.197260266
45 12 -9192.922171840
46 12 214237.243630181
47 12 102560.898494704
48 12 -376347.342626841
49 12 -97941.535854062
50 12 657638.835831459
51 12 -19509.334757370
52 12 246662.184635227
53 12 79566.797369303
54 12 -366707.340502463
55 12 -97894.053059451
56 12 438741.278081448
57 12 -15398.004877746
58 12 182240.826437843
59 12 65718.291043858
60 12 -319684.071002744
61 12 18883251.032058604
62 12 1554643.117828279
63 12 7696951.740091152
64 12 960.387707759
65 12 8208.282240865
66 12 -139.620415809
67 12 94.184196014
68 12 -223.527723751
69 12 133230.622203666
70 12 9791211.281421293
71 12 806042.888286259
72 12 3992491.507127362
73 12 -433.775382438
74 12 -3230.036670255
75 12 -215.825401727
76 12 456.313474959
77 12 79.002761168
78 12 -57185.778484417
79 12 -7684757.352635822
80 12 -632666.777991097
81 12 -3132955.572937690
1 13 -3604299.119757032
2 13 52541.597923646
3 13 598880.929220851
4 13 -1113.198652287
5 13 1918672.932315171
6 13 -57406.950555164
7 13 -52936350.905009843
8 13 161953.605167058
9 13 562280.638183574
10 13 32252.255873203
11 13 388245.122509850
12 13 -154405.452650969
13 13 205683932.678256363
14 13 -1183581.144196386
15 13 -5363453.127637467
16 13 -154615.057192745
17 13 -15190037.527414272
18 13 1370805.298184898
19 13 -119835591.229163587
20 13 25961.350520961
21 13 1082423.482764909
22 13 14677.248275823
23 13 -1270443.159496982
24 13 -262684.293601821
25 13 -3804260.641507803
26 13 16830.938674383
27 13 633971.503371385
28 13 -9584.605538196
29 13 1846132.084181303
30 13 -95972.048205963
31 13 -3705699.707086926
32 13 129632.507021511
33 13 530668.955544765
34 13 2168.196837883
35 13 1972768.534841264
36 13 -146791.084586000
37 13 -3577669.786662336
38 13 61230.321204231
39 13 546644.853659508
40 13 8525.948114546
41 13 1898553.918677983
42 13 -89970.617158874
43 13 -3624745.338840937
44 13 78594.342337057
45 13 544963.032964611
46 13 6355.531044335
47 13 1697785.711082219
48 13 -100522.183349704
49 13 -3470784.574834034
50 13 83231.915366610
51 13 510991.510416187
52 13 8463.390338331
53 13 1664673.095230626
54 13 -94359.731638493
55 13 -3787008.356969105
56 13 76639.935872012
57 13 656923.492468997
58 13 9237.954942889
59 13 1822520.901679388
60 13 -115019.681057410
70 13 564.868961173
71 13 -126.897383094
72 13 218.820936104
73 13 12426389.285557069
74 13 -1312.485293998
75 13 11943.382647172
76 13 -6.180693409
77 13 -38062.399522733
78 13 -1209.329599971
79 13 -63647.717622381
80 13 521462.038449062
81 13 -1548.444759750
82 13 -28945263.000751916
83 13 -5907.590447061
84 13 -7672.625565673
85 13 16.936199389
86 13 -103894.964388003
87 13 -3533.742750429
88 13 -1428.669167652
89 13 -1644.433141923
90 13 -628.997901971
1 14 56814.950952368
2 14 -8846509.773834756
3 14 6045.868094552
4 14 -3712032.197556673
5 14 118.324059781
6 14 702469.548064926
7 14 170805.609647361
8 14 -56714943.961866461
9 14 41324.905965708
10 14 -1805102.395294889
11 14 -18618.412749790
12 14 3439694.131769063
13 14 -1183581.144196405
14 14 257599305.715066969
15 14 -776001.137771303
16 14 32164027.822256375
17 14 49300.534586526
18 14 -17015510.733487990
19 14 137537.211609022
20 14 -125199271.836220413
21 14 163790.920176571
22 14 -849490.886056522
23 14 -5047.335171846
24 14 8921071.278572990
25 14 35682.388088846
26 14 -8502562.279593568
27 14 34744.906417377
28 14 -3427621.231321244
29 14 2465.549363763
30 14 594994.466239379
31 14 144288.046967021
32 14 -7857246.490965215
33 14 129312.871680646
34 14 -3417965.506317357
35 14 -16389.122580436
36 14 402228.683331896
37 14 70158.793510307
38 14 -7708063.030020632
39 14 30116.537387197
40 14 -3296700.093221021
41 14 561.649758392
42 14 540778.848201305
43 14 85358.308992370
44 14 -7934731.070042658
45 14 3619.310885742
46 14 -3135773.974595264
47 14 -6184.791090006
48 14 473105.191967420
49 14 89023.997882178
50 14 -7455760.478698061
51 14 24873.563482175
52 14 -2991167.873332838
53 14 3927.758246991
54 14 426654.229614170
55 14 79839.957587167
56 14 -8325531.343996990
57 14 63759.863440938
58 14 -3364484.953458625
59 14 83.258402812
60 14 600381.631512854
70 14 1437.006290805
71 14 116.508322521
72 14 773.189556350
73 14 1451.936223448
74 14 12423060.546067625
75 14 -3970.562124671
76 14 37996.034846089
77 14 -5.896612588
78 14 93310.728029561
79 14 1385916.612142250
80 14 121471.256359638
81 14 21.663075211
82 14 6267.141130298
83 14 -28953166.431279395
84 14 -14912.212990954
85 14 103852.685394310
86 14 -98.244337403
87 14 255458.347985015
88 14 -10267.759798194
89 14 -839.015479460
90 14 -2683.907035544
1 15 604775.473437669
2 15 5247.157020021
3 15 -1029967.977555685
4 15 99846.740946237
5 15 -366416.185675647
6 15 -1061.576253430
7 15 685580.482885115
8 15 149279.441688429
9 15 -50328782.810232334
10 15 195286.787973382
11 15 -3243901.460487351
12 15 -23000.559495927
13 15 -5363453.127637475
14 15 -776001.137771314
15 15 178994637.320662588
16 15 -1777847.685852021
17 15 14397139.121713445
18 15 107874.277794373
19 15 1108997.516088739
20 15 210636.046534133
21 15 -116287846.938280314
22 15 347091.556226716
23 15 -8500706.175816696
24 15 -13038.330381510
25 15 636497.476716503
26 15 40451.568937559
27 15 -1074177.618113036
28 15 125372.651641881
29 15 -324689.535900339
30 15 -1683.050833093
31 15 532763.239310014
32 15 133593.026815028
33 15 -1046220.183731470
34 15 187379.794933630
35 15 -306863.695582880
36 15 7293.152621320
37 15 549329.361195234
38 15 31532.471166659
39 15 -1022652.735751148
40 15 117452.659084413
41 15 -323718.404919491
42 15 -12822.606927406
43 15 548870.457024105
44 15 4075.254137003
45 15 -1058847.592248733
46 15 122832.762467687
47 15 -274894.798398188
48 15 -2499.817748402
49 15 513735.476439439
50 15 23053.004123114
51 15 -985967.984584213
52 15 116742.132538585
53 15 -257626.575449191
54 15 -14318.511980605
55 15 661685.885285953
56 15 57716.422460723
57 15 -1046319.041072822
58 15 147354.452759427
59 15 -327627.276477530
60 15 -9523.421011964
70 15 -366.132964232
71 15 1596.126410855
72 15 570.668211480
73 15 -14649.362920893
74 15 3917.334189616
75 15 12423603.771778967
76 15 1189.934596965
77 15 -93284.455172625
78 15 2.555642007
79 15 -105239.023078947
80 15 1284202.017769192
81 15 -3812.279041778
82 15 1200.616034133
83 15 14759.265518737
84 15 -28951857.429963484
85 15 3527.892232899
86 15 -255438.400744194
87 15 -112.858446436
88 15 1509.939112929
89 15 -10388.270451163
90 15 -1623.905128349
1 16 1792.246768919
2 16 -3710606.937041775
3 16 100036.443207219
4 16 -2513164.679290583
5 16 -4816.663130839
6 16 473344.492144124
7 16 32397.252978945
8 16 -1609947.836556069
9 16 136331.026725021
10 16 -69864746.015488356
11 16 -4533.467816777
12 16 132822.561886481
13 16 -154615.057192751
14 16 32164027.822256353
15 16 -1777847.685852019
16 16 247005990.332957447
17 16 1111.618782589
18 16 -2940032.612698350
19 16 14671.647037867
20 16 -1340527.204470459
21 16 381927.444872113
22 16 -161335772.582236379
23 16 -74698.445983019
24 16 339106.644993048
25 16 -1812.826881179
26 16 -3428195.891903402
27 16 123232.325000342
28 16 -1558853.496177690
29 16 -2870.435391893
30 16 227400.026315546
31 16 8232.122539475
32 16 -3418462.783170179
33 16 185258.311857816
34 16 -2449826.865753682
35 16 919.037845820
36 16 341484.222827585
37 16 12115.064873208
38 16 -3297328.706283895
39 16 116683.972143789
40 16 -2340214.828220774
41 16 -1182.927211026
42 16 414456.565541551
43 16 9025.980600055
44 16 -3135810.145982244
45 16 122519.772428346
46 16 -1346010.777979683
47 16 -547.178957327
48 16 165727.063786039
49 16 11022.983570186
50 16 -2991298.126985435
51 16 117239.087899607
52 16 -1321921.771773417
53 16 -340.070572041
54 16 159761.571091023
55 16 10769.492805272
56 16 -3365076.835914704
57 16 149457.354139220
58 16 -1533625.782965795
59 16 -352.814787799
60 16 226998.727899298
70 16 3292084.695066425
71 16 377918.659579190
72 16 -8135639.376959476
73 16 29.898223300
74 16 1306.976734381
75 16 -275.347646866
76 16 57073.800649776
77 16 132.622922610
78 16 638.922427772
79 16 -4547228.373350989
80 16 -522080.724555069
81 16 11235965.974786837
82 16 -40.945385429
83 16 -3101.073773838
84 16 -1315.483473839
85 16 -132930.869917018
86 16 454.869452779
87 16 59.358258605
88 16 -7267982.881055660
89 16 -834310.573166608
90 16 17964562.415887307
1 17 1918546.024753944
2 17 2395.037016815
3 17 -364293.874762636
4 17 1060.646750755
5 17 -1891756.305843614
6 17 31956.350063228
7 17 201638.898129793
8 17 -10581.441544289
9 17 -3744246.136667914
10 17 2693.709573821
11 17 -69307986.852305397
12 17 -9354.931213439
13 17 -15190037.527414275
14 17 49300.534586518
15 17 14397139.121713432
16 17 1111.618782589
17 17 240863616.550587028
18 17 -762126.949135630
19 17 -778325.789301168
20 17 -1900.721894455
21 17 -7277538.825887737
22 17 71219.247686473
23 17 -160448505.745761395
24 17 51259.631547819
25 17 1847036.903298857
26 17 11319.950706947
27 17 -324177.315229783
28 17 956.827976064
29 17 -1014391.000360578
30 17 59262.180590173
31 17 1973857.582040427
32 17 -9317.787717793
33 17 -307165.902831944
34 17 4538.559270515
35 17 -1912997.725125525
36 17 77854.488589374
37 17 1899358.415210471
38 17 4441.847672178
39 17 -323619.161914714
40 17 331.793513772
41 17 -1865738.651567695
42 17 51971.387500383
43 17 1698211.623436196
44 17 -3665.568753325
45 17 -273753.378326765
46 17 607.414073054
47 17 -855822.403873340
48 17 83997.387919077
49 17 1665179.941042930
50 17 6033.871725583
51 17 -256982.445010083
52 17 909.036722713
53 17 -869185.217785533
54 17 71194.677867992
55 17 1823555.769007040
56 17 730.461961200
57 17 -326493.154488608
58 17 1098.860658453
59 17 -983857.544735301
60 17 78244.654486572
70 17 768289.787606801
71 17 -8745396.835077588
72 17 -95527.694533416
73 17 -1353.135405925
74 17 247.039781425
75 17 -3208.881352548
76 17 -133.219092668
77 17 57208.864439563
78 17 136.001569348
79 17 -1061202.396029847
80 17 12079591.142259864
81 17 131912.574387040
82 17 3220.423206619
83 17 -73.061258729
84 17 7081.334614164
85 17 -435.806256423
86 17 -133229.236767693
87 17 135.996921965
88 17 -1696173.214284157
89 17 19307414.485033408
90 17 210894.049074519
1 18 -57875.178703483
2 18 707215.637458916
3 18 -2133.069537793
4 18 475650.667028850
5 18 31917.766204708
6 18 -452194.149522377
7 18 -98897.845829405
8 18 3941676.393596778
9 18 -15876.924944871
10 18 299543.533142797
11 18 127782.592974301
12 18 -68766376.492413670
13 18 1370805.298184893
14 18 -17015510.733488012
15 18 107874.277794369
16 18 -2940032.612698364
17 18 -762126.949135634
18 18 232049958.146975547
19 18 -305268.653107058
20 18 7697651.602115933
21 18 -9962.641753364
22 18 374724.098552693
23 18 111382.993979104
24 18 -159809023.567126304
25 18 -96876.479826990
26 18 597321.028472716
27 18 -701.740935469
28 18 228539.388286619
29 18 59693.937736793
30 18 -401776.272784837
31 18 -147379.481464704
32 18 406555.591531300
33 18 8019.509191734
34 18 348981.798477403
35 18 78519.768323462
36 18 -424048.982135685
37 18 -90510.007066319
38 18 543476.658887086
39 18 -12821.155315978
40 18 413794.022777411
41 18 52821.664280556
42 18 -414555.985636567
43 18 -100908.783611876
44 18 476675.414660320
45 18 -3030.936638736
46 18 167486.924102047
47 18 84226.454229327
48 18 -367259.184664053
49 18 -94464.819726231
50 18 430262.860726872
51 18 -15129.722621707
52 18 161485.249344213
53 18 71224.110668839
54 18 -343669.059171978
55 18 -115473.531608192
56 18 607817.405853937
57 18 -11301.268941994
58 18 230476.419645265
59 18 78360.627297846
60 18 -359017.669591978
70 18 8102667.057631200
71 18 675686.491823885
72 18 3314525.317153609
73 18 435.082426274
74 18 3228.220765621
75 18 219.341172168
76 18 -524.943009775
77 18 -135.924038878
78 18 57184.941378678
79 18 -11191822.222728968
80 18 -933260.238503208
81 18 -4577606.879691470
82 18 1207.399207215
83 18 -7132.599577385
84 18 -37.875498167
85 18 -310.379907163
86 18 -143.673734047
87 18 -133177.820857747
88 18 -17888457.888418671
89 18 -1491737.845806479
90 18 -7318901.255893223
1 19 -3864789.039096941
2 19 77208.608416580
3 19 699288.467031575
4 19 1067.564538558
5 19 1916150.333936653
6 19 -67519.408998038
7 19 -3329493.747657224
8 19 170697.605435083
9 19 525206.777009382
10 19 32067.324161649
11 19 1626743.389849210
12 19 -113397.694941201
13 19 -119835591.229163587
14 19 137537.211609022
15 19 1108997.516088739
16 19 14671.647037867
17 19 -778325.789301168
18 19 -305268.653107058
19 19 272667376.062607527
20 19 -1247622.671062824
21 19 -5437069.459430535
22 19 -157359.301141435
23 19 -13652117.371917453
24 19 1499961.347527018
25 19 -119531630.627892062
26 19 5331.437476654
27 19 864383.635412523
28 19 -338.090794856
29 19 -1322546.406260395
30 19 -167934.110951266
31 19 -3600752.366142670
32 19 127788.902621352
33 19 564339.659420366
34 19 15310.518836048
35 19 1755090.563978256
36 19 -161588.092050339
37 19 -3543950.109088544
38 19 78905.449197706
39 19 533725.491841257
40 19 7379.273897915
41 19 1703672.557812430
42 19 -109381.041715744
43 19 -3633817.866162953
44 19 87847.704266074
45 19 531035.596517103
46 19 9282.142137187
47 19 1727187.470671593
48 19 -126127.793310476
49 19 -3681732.600191117
50 19 89535.245614718
51 19 544595.047540311
52 19 5697.884645675
53 19 1828997.507185823
54 19 -101241.777897381
55 19 -3906395.759915372
56 19 75457.702431678
57 19 709454.048090611
58 19 12668.371257617
59 19 1856506.928335730
60 19 -105577.785126481
79 19 6375.489463218
80 19 1486.731699051
81 19 2647.577978381
82 19 28942628.208280507
83 19 -6955.710929708
84 19 -1904.392541514
85 19 -14.871988336
86 19 -88392.605809873
87 19 -3532.190821646
88 19 8458.834060531
89 19 118958.765285617
90 19 8982.600023329
91 19 -28945179.253290497
92 19 -13154.463613194
93 19 -17518.472905347
94 19 42.966499278
95 19 -103482.207756518
96 19 -2163.909965283
97 19 2580.340802368
98 19 -3605.089098762
99 19 899.342837971
1 20 81793.102172880
2 20 -8818644.563488789
3 20 41947.778518202
4 20 -3646381.456309591
5 20 -2309.364673666
6 20 664258.719064405
7 20 165555.791616841
8 20 -7554571.484944812
9 20 67891.481962333
10 20 -3103327.945932488
11 20 -15609.809447179
12 20 489131.614375556
13 20 25961.350520961
14 20 -125199271.836220413
15 20 210636.046534133
16 20 -1340527.204470459
17 20 -1900.721894455
18 20 7697651.602115933
19 20 -1247622.671062830
20 20 325679084.388633490
21 20 -759259.815848168
22 20 30763021.774220955
23 20 80856.925867864
24 20 -21191104.339600507
25 20 135020.743811758
26 20 -123300215.807585016
27 20 107171.770160966
28 20 -200270.136306362
29 20 -430.457680918
30 20 8678687.112949284
31 20 134177.099265392
32 20 -7731628.396230697
33 20 136412.842240781
34 20 -3179573.208084904
35 20 -16964.252813146
36 20 452403.116908130
37 20 83424.807164167
38 20 -7811461.632467776
39 20 20658.979396615
40 20 -3146048.968860481
41 20 -7493.346869668
42 20 514602.534563422
43 20 92548.271359992
44 20 -7949135.378900574
45 20 69679.648296844
46 20 -3179195.917221112
47 20 -8197.529532707
48 20 460057.194263461
49 20 94200.583094842
50 20 -7755818.226334799
51 20 55576.867083256
52 20 -3211009.772911568
53 20 2882.024904958
54 20 532515.893719955
55 20 79354.800930889
56 20 -8865684.246928576
57 20 49148.036562718
58 20 -3531296.213213320
59 20 -501.066879204
60 20 709404.888424905
79 20 9690.778671414
80 20 818.181292977
81 20 2927.596773682
82 20 7422.795478708
83 20 28934915.431684002
84 20 9235.734845735
85 20 88389.513175400
86 20 -91.568098800
87 20 217121.690618428
88 20 321562.618317948
89 20 28168.813399721
90 20 4339.909488547
91 20 13055.053618222
92 20 -28953034.017975908
93 20 -2889.723192852
94 20 103389.087693991
95 20 -28.182725062
96 20 254797.847557856
97 20 -11290.120776956
98 20 -1065.175447147
99 20 -561.533420695
1 21 704155.640273618
2 21 41706.716233091
3 21 -1127054.837054406
4 21 118592.669709742
5 21 -403489.325939173
6 21 110.957785874
7 21 528739.667183956
8 21 73879.159396939
9 21 -949846.974713332
10 21 141416.828238445
11 21 -288050.082601713
12 21 -14364.751679783
13 21 1082423.482764909
14 21 163790.920176571
15 21 -116287846.938280314
16 21 381927.444872113
17 21 -7277538.825887737
18 21 -9962.641753364
19 21 -5437069.459430548
20 21 -759259.815848163
21 21 246121957.821566612
22 21 -1802492.087704543
23 21 18453345.183817293
24 21 76172.072796206
25 21 1027957.960076519
26 21 83846.861331331
27 21 -116154135.875228927
28 21 187638.673953592
29 21 -8437020.710438037
30 21 583.548081130
31 21 565578.139333842
32 21 136292.647309913
33 21 -1023364.383903721
34 21 173488.671272516
35 21 -288090.918084311
36 21 -1184.350391947
37 21 535711.366282391
38 21 19205.605376240
39 21 -1042860.906046295
40 21 111866.429981686
41 21 -282041.705672590
42 21 -1777.440483679
43 21 533781.692789946
44 21 69557.657403335
45 21 -1065104.732621363
46 21 159284.443204250
47 21 -270408.964010270
48 21 -2799.850541286
49 21 546250.624859339
50 21 53106.505454708
51 21 -1040306.155821409
52 21 131432.141653093
53 21 -308599.945674945
54 21 -9640.553754587
55 21 713419.977477257
56 21 44925.684024886
57 21 -1099948.733966850
58 21 139783.739259116
59 21 -357092.507352570
60 21 -12510.682501228
79 21 -3512.917476304
80 21 9774.667168158
81 21 6590.233864926
82 21 -4443.872174362
83 21 -9422.253300202
84 21 28936222.397918578
85 21 3463.471305539
86 21 -217122.100748686
87 21 -77.579758819
88 21 -33877.798385226
89 21 298474.041302215
90 21 22188.675461380
91 21 11121.162585100
92 21 2940.919174586
93 21 -28951731.342540469
94 21 2239.137736373
95 21 -254758.117350963
96 21 -68.910773306
97 21 107.274446066
98 21 -10747.838821059
99 21 2191.737446820
1 22 2376.297459720
2 22 -3644143.763726001
3 22 119071.354248332
4 22 -1834255.184174752
5 22 1007.517276032
6 22 300890.940688946
7 22 29383.654962782
8 22 -3101119.625982188
9 22 138985.171195130
10 22 -1531142.242956376
11 22 304.407578703
12 22 196490.791412211
13 22 14677.248275823
14 22 -849490.886056522
15 22 347091.556226716
16 22 -161335772.582236379
17 22 71219.247686473
18 22 374724.098552693
19 22 -157359.301141435
20 22 30763021.774220921
21 22 -1802492.087704548
22 22 336262662.687666178
23 22 1734.484508276
24 22 -2578496.761837933
25 22 1951.745448389
26 22 -683933.256765318
27 22 180774.571369305
28 22 -161194803.687568158
29 22 -88232.193949461
30 22 206208.373676871
31 22 18066.835500330
32 22 -3179234.549465546
33 22 173062.870826951
34 22 -1547688.919182101
35 22 -1302.790632708
36 22 159566.264661349
37 22 9350.949804985
38 22 -3145299.069017431
39 22 112273.960050496
40 22 -1498145.308434924
41 22 -651.888928621
42 22 188656.922171233
43 22 11013.295703109
44 22 -3178457.567780181
45 22 159366.341379906
46 22 -1391426.589451937
47 22 -298.409169700
48 22 159169.767110259
49 22 7063.516072814
50 22 -3210269.965194400
51 22 132748.504630421
52 22 -1525455.352333796
53 22 911.449143963
54 22 246766.916964182
55 22 13573.544646257
56 22 -3530811.608265433
57 22 142128.356004459
58 22 -1579600.085110726
59 22 676.814319183
60 22 271698.116547650
79 22 7664772.961615674
80 22 889352.509883290
81 22 -18949708.683449108
82 22 42.537637230
83 22 3100.249265492
84 22 1318.685852363
85 22 132930.619809788
86 22 -515.217767454
87 22 -74.065894648
88 22 -399569.446797169
89 22 -46505.288432979
90 22 984387.821987618
91 22 19.148607775
92 22 -3066.601837435
93 22 -630.323072798
94 22 -132929.745978044
95 22 356.749349349
96 22 563.457374735
97 22 -7265247.771339203
98 22 -842969.205561328
99 22 17965230.617398228
1 23 1915557.534490569
2 23 -1029.571502083
3 23 -401679.128084957
4 23 959.324875163
5 23 -1138309.346439046
6 23 35059.280604331
7 23 1625770.890474065
8 23 -17386.937376138
9 23 -286583.532192973
10 23 -798.996524124
11 23 -911352.107061528
12 23 61690.358589129
13 23 -1270443.159496982
14 23 -5047.335171846
15 23 -8500706.175816696
16 23 -74698.445983019
17 23 -160448505.745761395
18 23 111382.993979104
19 23 -13652117.371917462
20 23 80856.925867859
21 23 18453345.183817293
22 23 1734.484508274
23 23 329568172.800725758
24 23 -803494.370292383
25 23 -828113.957218160
26 23 930.487397121
27 23 -7223540.902193849
28 23 83397.175047766
29 23 -160504855.587701350
30 23 78216.374459630
31 23 1754953.911874442
32 23 -13921.743813893
33 23 -287921.397876141
34 23 246.438716340
35 23 -962373.618155392
36 23 92324.842763951
37 23 1703663.378996579
