# name: /app/data/Hschur_fullInertialBA
# type: sparse matrix
# nnz: 3222
# rows: 96
# columns: 96

1 1 264694749.817125082
2 1 -1426641.720100648
3 1 -500526.935283212
4 1 -626751.130523177
5 1 -9611155.912548643
6 1 352145.817476029
1 2 -1426641.720100648
2 2 297801550.446945667
3 2 8938577.457546666
4 2 18432633.571053606
5 2 429012.684464921
6 2 -1187091.180791741
1 3 -500526.935283212
2 3 8938577.457546666
3 3 244330802.053574592
4 3 -379139.774465651
5 3 829903.003927181
6 3 201078.763493650
1 4 -626751.130523177
2 4 18432633.571053606
3 4 -379139.774465651
4 4 249257156.693505704
5 4 -465.019298591
6 4 -1795830.133017883
1 5 -9611155.912548643
2 5 429012.684464922
3 5 829903.003927181
4 5 -465.019298591
5 5 243750484.222247034
6 5 -1697833.986926771
1 6 352145.817476029
2 6 -1187091.180791742
3 6 201078.763493650
4 6 -1795830.133017883
5 6 -1697833.986926771
6 6 239337053.705736071
1 7 -1330803.803299461
2 7 -2577.647429620
3 7 8811.268113125
4 7 17.696143919
5 7 -27551.358462461
6 7 1268.187106033
7 7 266687144.058655620
8 7 -1031186.984873839
9 7 -899255.296100350
10 7 -667634.441201456
11 7 -13327107.717432689
12 7 1287735.232502041
1 8 3994.119835322
2 8 -1326424.883553966
3 8 52963.906034429
4 8 23257.392400776
5 8 1759.383179036
6 8 83602.324578714
7 8 -1031186.984873839
8 8 291039035.611220837
9 8 9224550.064880094
10 8 22567873.346348748
11 8 592418.819310622
12 8 -1870610.408594666
1 9 -2514.521269792
2 9 -53057.211015639
3 9 -1323108.477972124
4 9 -855.646514057
5 9 -83273.747729872
6 9 1720.073651764
7 9 -899255.296100349
8 9 9224550.064880094
9 9 247745565.938340664
10 9 -1471606.651048962
11 9 1848446.923594195
12 9 86129.656877438
1 10 -172.714126371
2 10 19004.575369509
3 10 -2720.779493698
4 10 -1837693.087979868
5 10 -3935.749481480
6 10 8848.206983734
7 10 -667634.441201456
8 10 22567873.346348748
9 10 -1471606.651048962
10 10 269812298.193679690
11 10 -3822.829847664
12 10 -3047580.242821219
1 11 -24164.868134697
2 11 -5196.933438153
3 11 -86828.368531910
4 11 4422.679540089
5 11 -1831857.905913033
6 11 73182.845912402
7 11 -13327107.717432687
8 11 592418.819310622
9 11 1848446.923594195
10 11 -3822.829847664
11 11 259590248.726819605
12 11 -4768015.969884609
1 12 1472.400874474
2 12 87495.022829574
3 12 -5121.675448052
4 12 -7812.715686340
5 12 -71862.181183322
6 12 -1830701.320586791
7 12 1287735.232502041
8 12 -1870610.408594665
9 12 86129.656877438
10 12 -3047580.242821219
11 12 -4768015.969884609
12 12 247149820.790339112
1 13 -409.039895624
2 13 104.011413025
3 13 15.772231691
4 13 17.249392557
5 13 132.488812578
6 13 22.418190768
7 13 -3738768.904806122
8 13 -1650.033654118
9 13 4949.692203991
10 13 927.724541607
11 13 -91643.164274230
12 13 5756.456676837
13 13 262846699.367849112
14 13 -1752867.160892671
15 13 -460789.112588467
16 13 -775272.597249916
17 13 -16943047.933660712
18 13 504777.036576750
1 14 116.934591805
2 14 -1468.720164201
3 14 -199.598234982
4 14 -481.926567206
5 14 -23.910959911
6 14 69.507681131
7 14 7883.166755310
8 14 -3722306.083484332
9 14 85226.348931211
10 14 69818.343036108
11 14 -68.004416531
12 14 249245.144528489
13 14 -1752867.160892672
14 14 283144019.782037616
15 14 9122999.750557177
16 14 30391841.543543354
17 14 741948.123383758
18 14 -1313087.714326332
1 15 23.199112504
2 15 -401.009991624
3 15 -135.079773444
4 15 -95.884510059
5 15 -30.043669048
6 15 4.929922070
7 15 19914.743509552
8 15 -81891.643948194
9 15 -3711355.102090551
10 15 -7409.044520093
11 15 -245152.194700545
12 15 2372.574976797
13 15 -460789.112588467
14 15 9122999.750557177
15 15 246066448.630719155
16 15 -1296696.615205813
17 15 2485448.045350402
18 15 43697.817567231
1 16 57.855170705
2 16 -493.473518063
3 16 -11.445537622
4 16 -286.543195832
5 16 -17.692294994
6 16 112.753168906
7 16 3270.721660124
8 16 73321.005883005
9 16 -704.745499754
10 16 -5216113.301588917
11 16 -7646.965925087
12 16 5409.645540171
13 16 -775272.597249916
14 16 30391841.543543354
15 16 -1296696.615205813
16 16 304935939.416086435
17 16 -18853.747433978
18 16 -4468224.842373353
1 17 141.547372714
2 17 -21.863013994
3 17 -28.953522274
4 17 -1.427126294
5 17 -101.327246178
6 17 22.366085807
7 17 -93741.831630248
8 17 -11405.583792114
9 17 -272602.582801521
10 17 3814.806585282
11 17 -5171448.126657836
12 17 123401.722090518
13 17 -16943047.933660712
14 17 741948.123383758
15 17 2485448.045350403
16 17 -18853.747433978
17 17 277333394.679372013
18 17 -5817315.695521603
1 18 18.216006885
2 18 90.048211571
3 18 -39.550330139
4 18 136.339384399
5 18 -1.757562724
6 18 -94.903542355
7 18 4310.199373695
8 18 278286.742388637
9 18 -11742.483114561
10 18 27299.898297086
11 18 -107899.372784437
12 18 -5149134.704655078
13 18 504777.036576750
14 18 -1313087.714326332
15 18 43697.817567230
16 18 -4468224.842373353
17 18 -5817315.695521603
18 18 249366388.968850583
1 19 -971.896849306
2 19 -189.809608733
3 19 312.567989775
4 19 -386.048942222
5 19 1284.575073125
6 19 -388.078729151
7 19 -5415.617033901
8 19 -91.388454435
9 19 1337.725904248
10 19 -979.050518983
11 19 10714.613032507
12 19 -3297.617430278
13 19 -447804.611774630
14 19 -123.831441181
15 19 -1290.260806450
16 19 4202.380328597
17 19 31309.690979310
18 19 -11141.858065776
19 19 244452415.140288085
20 19 1106765.090225974
21 19 -1305022.086321276
22 19 66997.234216793
23 19 -11200158.607586740
24 19 -1400100.722672195
1 20 334.658404754
2 20 -3618.475013062
3 20 1102.782877123
4 20 -5047.501046916
5 20 -105.550600792
6 20 1189.699362617
7 20 1000.440953555
8 20 -11620.964026329
9 20 3257.205166063
10 20 -23313.178307301
11 20 -617.171830929
12 20 4970.532526339
13 20 9957.115710347
14 20 -489520.305066303
15 20 37315.057523027
16 20 -157669.764970005
17 20 -4761.772870611
18 20 67208.427039564
19 20 1106765.090225974
20 20 250669486.512832105
21 20 3284237.480878650
22 20 19252483.483894862
23 20 -121952.317581580
24 20 -2615343.904294537
1 21 385.400140498
2 21 -808.207126828
3 21 107.454003745
4 21 -1011.012799689
5 21 -473.124919961
6 21 405.121527244
7 21 1775.944707282
8 21 -1656.037827437
9 21 -190.955706615
10 21 -2760.117998579
11 21 -3469.779737196
12 21 1710.932712785
13 21 11372.165436261
14 21 -27849.511957003
15 21 -433414.938029616
16 21 434.282864515
17 21 -50747.621118968
18 21 3071.723266664
19 21 -1305022.086321276
20 21 3284237.480878650
21 21 237839031.177585721
22 21 1701019.886654896
23 21 2677324.137550266
24 21 56869.984272358
1 22 708.318098170
2 22 -5683.086884294
3 22 1952.214577384
4 22 -8547.499262783
5 22 -345.918156344
6 22 2076.431579338
7 22 2662.407432468
8 22 -24983.465846830
9 22 7397.965139583
10 22 -52124.736555359
11 22 -2319.357609214
12 22 10895.468084956
13 22 12867.828000037
14 22 -161698.723725597
15 22 46513.283072902
16 22 -1125977.209004290
17 22 -18118.410686936
18 22 84992.557492440
19 22 66997.234216793
20 22 19252483.483894862
21 22 1701019.886654896
22 22 284833190.896102011
23 22 -3320.904517714
24 22 -5886084.369655736
1 23 1646.174651460
2 23 -63.807838550
3 23 -443.844621810
4 23 146.870582599
5 23 -2333.333545993
6 23 873.615491942
7 23 13357.329370540
8 23 -776.895670299
9 23 -3175.442898407
10 23 662.755066333
11 23 -27039.393987816
12 23 9218.204569909
13 23 37697.494590349
14 23 -9994.629801161
15 23 -55192.690173016
16 23 -2311.544746621
17 23 -750239.783767512
18 23 80042.169103525
19 23 -11200158.607586741
20 23 -121952.317581580
21 23 2677324.137550266
22 23 -3320.904517714
23 23 266025154.334526509
24 23 1522725.406413360
1 24 152.286428928
2 24 1704.406509324
3 24 -698.667043756
4 24 2627.936891250
5 24 -421.399243927
6 24 -480.188746265
7 24 576.730679989
8 24 7370.497722216
9 24 -2628.553137371
10 24 15380.967081070
11 24 -2520.001841481
12 24 -3902.247253859
13 24 -18094.765679334
14 24 78075.010000162
15 24 -12843.115442785
16 24 117325.081360333
17 24 -25505.470206952
18 24 -660028.116472637
19 24 -1400100.722672196
20 24 -2615343.904294538
21 24 56869.984272358
22 24 -5886084.369655738
23 24 1522725.406413360
24 24 242287127.871206403
1 25 -1231.239622263
2 25 235.296719811
3 25 228.398599636
4 25 135.376499329
5 25 1371.071215716
6 25 -503.092508570
7 25 -5824.596825561
8 25 1324.505263957
9 25 1016.647308559
10 25 1661.410478673
11 25 10408.331494261
12 25 -3994.266881403
13 25 -13080.875520623
14 25 1359.485050147
15 25 2086.856654558
16 25 2096.112358101
17 25 35277.716272953
18 25 -8089.016512117
19 25 -567311.361819836
20 25 12478.182707461
21 25 13935.052792940
22 25 1812.162482309
23 25 14733.581531138
24 25 706.228341474
25 25 259204131.943507582
26 25 -356926.765476814
27 25 -1590701.453965250
28 25 -390687.668282221
29 25 -15488849.266073028
30 25 767325.303700943
1 26 396.027358876
2 26 -4261.833636818
3 26 937.194923175
4 26 -5026.818489884
5 26 -147.984781898
6 26 1141.083216234
7 26 1424.713039048
8 26 -15875.898621058
9 26 3604.509083991
10 26 -27854.453179416
11 26 -998.512762475
12 26 6403.182794317
13 26 513.151253410
14 26 -38649.267627765
15 26 5028.059251798
16 26 -103938.842144993
17 26 -866.452822312
18 26 3284.250240229
19 26 -10332.660207494
20 26 -586496.388510561
21 26 -11970.914133896
22 26 -77364.790279940
23 26 -586.828662100
24 26 40372.271186182
25 26 -356926.765476814
26 26 278878024.380629897
27 26 8475354.458554065
28 26 26556045.514029261
29 26 447440.652531519
30 26 -1903683.568382231
1 27 316.314059976
2 27 -339.664824601
3 27 -200.173290461
4 27 -46.250424893
5 27 -437.054652319
6 27 156.052965329
7 27 1306.202028216
8 27 1181.218157812
9 27 -1338.749466410
10 27 3794.119285456
11 27 -2692.957533809
12 27 218.819304237
13 27 2040.986075759
14 27 8969.775885451
15 27 -2708.116015069
16 27 28413.262508016
17 27 -5684.315337108
18 27 586.450724559
19 27 -6207.497086764
20 27 17252.956496917
21 27 -554680.051775927
22 27 24959.292043963
23 27 -41774.660268472
24 27 -1274.869555221
25 27 -1590701.453965250
26 27 8475354.458554063
27 27 242710659.502430618
28 27 -1500925.463711450
29 27 2163441.127341461
30 27 -59155.002335196
1 28 544.113657674
2 28 -5266.710056252
3 28 1694.564050457
4 28 -7573.151720698
5 28 -203.359383857
6 28 1713.222523123
7 28 2135.106204402
8 28 -27939.306502909
9 28 8255.426722409
10 28 -55923.495741858
11 28 -1049.292067075
12 28 11129.024635556
13 28 -439.722913722
14 28 -95147.502731300
15 28 15441.713153234
16 28 -273429.544985842
17 28 1842.451154413
18 28 5033.994226939
19 28 -1107.240814120
20 28 -59740.700382191
21 28 -14250.873957835
22 28 -1022736.798576862
23 28 19731.200670994
24 28 24066.015382051
25 28 -390687.668282221
26 28 26556045.514029261
27 28 -1500925.463711451
28 28 281536098.911331356
29 28 -1413.411352056
30 28 -2971338.525252366
1 29 1666.079297590
2 29 -290.843535859
3 29 -387.979463267
4 29 -172.018552990
5 29 -2239.384050021
6 29 892.069836876
7 29 11434.100929839
8 29 -1818.574744889
9 29 -2350.934159621
10 29 -1859.829060549
11 29 -22201.117036735
12 29 8376.411281007
13 29 30677.174809615
14 29 -2090.842705321
15 29 -5117.469642434
16 29 -2909.115137079
17 29 -87050.936708700
18 29 18262.714133998
19 29 580.784043448
20 29 728.134540100
21 29 -50397.707579013
22 29 -19944.058266286
23 29 -846590.554455193
24 29 -12985.757637701
25 29 -15488849.266073028
26 29 447440.652531519
27 29 2163441.127341461
28 29 -1413.411352056
29 29 263237751.866344094
30 29 -5266942.954495028
1 30 -176.482941190
2 30 1340.150939358
3 30 -442.109807829
4 30 1934.230329333
5 30 99.355888398
6 30 -607.559029154
7 30 -2774.875751973
8 30 6292.080781057
9 30 -1158.344940631
10 30 10944.825456324
11 30 4493.526195937
12 30 -6262.960422343
13 30 -9247.222025052
14 30 3753.840319896
15 30 1011.471616373
16 30 8108.854311949
17 30 26294.091005811
18 30 -17978.625646225
19 30 5241.236716933
20 30 47910.489992281
21 30 2526.009193171
22 30 -5956.451230926
23 30 35969.723826196
24 30 -777602.883317565
25 30 767325.303700943
26 30 -1903683.568382231
27 30 -59155.002335196
28 30 -2971338.525252366
29 30 -5266942.954495028
30 30 241659254.861752570
1 31 -4033.288246706
2 31 1468.639432478
3 31 613.762480269
4 31 1159.827385898
5 31 4387.564651941
6 31 -2292.707060967
7 31 -1704.196012749
8 31 235.108351026
9 31 186.063061816
10 31 -16.490235526
11 31 1714.307960268
12 31 -585.424158316
13 31 -703.201656378
14 31 440.826893537
15 31 58.756257937
16 31 142.263394040
17 31 307.134139701
18 31 51.470554245
19 31 -725.630335382
20 31 335.720347779
21 31 316.485169175
22 31 644.937753164
23 31 1124.533878867
24 31 36.351617039
25 31 -359639.891252692
26 31 7959.949114634
27 31 11347.362791711
28 31 810.993737303
29 31 -6406.502541396
30 31 -948.001319130
31 31 268688812.873534083
32 31 -2242009.821118748
33 31 -757472.365421106
34 31 -941889.422649042
35 31 -11251017.770932758
36 31 66396.258193679
1 32 1003.490048622
2 32 -14712.003007897
3 32 2471.524068738
4 32 -15061.419860975
5 32 -358.373969257
6 32 3389.768258601
7 32 82.942567590
8 32 -5897.985614097
9 32 -207.910219547
10 32 -5339.248794060
11 32 83.180684249
12 32 69.986942964
13 32 350.271151436
14 32 -2302.080045261
15 32 -607.553736116
16 32 -860.400842154
17 32 -28.311414722
18 32 47.589234669
19 32 -215.641794155
20 32 -2946.123636609
21 32 -635.564537489
22 32 -4413.179607172
23 32 64.794702844
24 32 1433.845483366
25 32 -7720.972056080
26 32 -361933.903886498
27 32 -23177.493255272
28 32 2574.291139861
29 32 -825.155652303
30 32 21023.335437201
31 32 -2242009.821118748
32 32 306336715.054837823
33 32 11063470.848243419
34 32 21639296.587628141
35 32 538812.137895960
36 32 -1385148.162440880
1 33 584.227878122
2 33 2228.948663476
3 33 -1383.975948467
4 33 3479.913456942
5 33 -900.311191712
6 33 -366.932570133
7 33 131.507270711
8 33 437.505862758
9 33 -441.967542486
10 33 964.682807179
11 33 -141.032020164
12 33 -20.877086749
13 33 8.978201960
14 33 -352.867700326
15 33 -240.088113606
16 33 21.997868867
17 33 -41.442979622
18 33 -82.165965470
19 33 248.978267160
20 33 819.738067354
21 33 46.790930409
22 33 1468.928540224
23 33 -359.494352055
24 33 -572.831151104
25 33 -8517.335573301
26 33 23954.606572499
27 33 -356281.805995757
28 33 1726.541547580
29 33 -19486.375566832
30 33 -1160.502670419
31 33 -757472.365421107
32 33 11063470.848243419
33 33 245309641.243062407
34 33 -67326.565402780
35 33 890344.904981420
36 33 400640.253976234
1 34 749.630041450
2 34 -14946.394716484
3 34 3636.438033427
4 34 -17923.799175805
5 34 -104.883773971
6 34 3536.375994236
7 34 -122.917364740
8 34 -5164.741811871
9 34 265.676081357
10 34 -5889.679387885
11 34 126.972249418
12 34 8.478064585
13 34 39.082965994
14 34 -826.061508188
15 34 -142.684050393
16 34 -660.671678677
17 34 20.989631695
18 34 217.811906376
19 34 -391.373195560
20 34 -3889.662104270
21 34 -723.709956728
22 34 -6419.769637155
23 34 267.333159196
24 34 2164.913413147
25 34 104.394705997
26 34 4984.703317714
27 34 -5802.668811542
28 34 -501367.473769589
29 34 9762.296731122
30 34 17030.318635589
31 34 -941889.422649042
32 34 21639296.587628137
33 34 -67326.565402780
34 34 249962322.987174183
35 34 -683.441173679
36 34 -2334984.220537322
1 35 4354.222785516
2 35 -856.679118957
3 35 -878.170764478
4 35 -628.396172748
5 35 -5492.353096183
6 35 2326.129338486
7 35 1526.527789425
8 35 21.048371772
9 35 -162.201221291
10 35 66.292546843
11 35 -2034.684231763
12 35 497.081910743
13 35 268.638641262
14 35 -70.902660999
15 35 -47.897614337
16 35 -50.012910892
17 35 -284.956934028
18 35 -1.731912126
19 35 857.322519684
20 35 -156.711868333
21 35 -375.400010626
22 35 -383.642966723
23 35 -1543.128967499
24 35 -210.437460698
25 35 -9571.182774115
26 35 2059.795116640
27 35 -23057.961159658
28 35 -11043.491922359
29 35 -494457.308957699
30 35 -30950.721770012
31 35 -11251017.770932758
32 35 538812.137895960
33 35 890344.904981420
34 35 -683.441173679
35 35 243782297.483198583
36 35 -1736288.011393178
1 36 -2071.312931791
2 36 3096.629784473
3 36 -321.501549807
4 36 3256.014076051
5 36 2066.709266387
6 36 -3589.149938908
7 36 -493.959715196
8 36 -14.697417353
9 36 50.348366318
10 36 -70.629240469
11 36 656.571954119
12 36 -1385.855141581
13 36 35.829662994
14 36 -18.337556897
15 36 -13.034450718
16 36 144.078545695
17 36 77.904999359
18 36 -137.820492078
19 36 -210.404394230
20 36 933.543308367
21 36 302.199960219
22 36 1628.692069937
23 36 535.508043905
24 36 -456.142549553
25 36 6849.028128466
26 36 24510.957306069
27 36 2190.701625863
28 36 -10238.261354590
29 36 32209.272695020
30 36 -493491.972389374
31 36 66396.258193679
32 36 -1385148.162440880
33 36 400640.253976234
34 36 -2334984.220537322
35 36 -1736288.011393178
36 36 238828450.477032810
1 37 -1560.664866842
2 37 943.102110831
3 37 258.184638592
4 37 696.706641054
5 37 1217.289761461
6 37 -442.432919595
7 37 -577.503959394
8 37 217.671815080
9 37 32.691331984
10 37 90.928256574
11 37 261.093387827
12 37 30.406112081
13 37 -425.759561875
14 37 233.699032181
15 37 -14.472128138
16 37 39.120714525
17 37 87.861324250
18 37 58.085618872
19 37 -103.214722813
20 37 -9.022348263
21 37 1.539891289
22 37 0.281914085
23 37 27.957915910
24 37 11.132772138
25 37 -348.392594180
26 37 131.962833922
27 37 -2.324256642
28 37 23.802932727
29 37 73.428182204
30 37 45.523040495
31 37 -296682.316285704
32 37 -3828.036607472
33 37 2486.487253389
34 37 717.287449899
35 37 -4101.844876566
36 37 190.228462242
37 37 264880194.273355901
38 37 -2175948.246849324
39 37 1192464.121889333
40 37 -677838.912059994
41 37 -7558871.208267479
42 37 -272031.445414773
1 38 573.942285067
2 38 -6136.544931706
3 38 90.848321143
4 38 -4287.417577734
5 38 -239.109495065
6 38 1396.911839781
7 38 167.011911493
8 38 -1903.595938396
9 38 -419.669896319
10 38 -704.254562881
11 38 -24.867973053
12 38 13.577108570
13 38 265.641758980
14 38 -1548.901162547
15 38 -457.615627766
16 38 -334.942257088
17 38 -16.403103407
18 38 -123.322328663
19 38 -24.246085660
20 38 -265.842810104
21 38 -92.133210197
22 38 -72.985610315
23 38 2.222125405
24 38 1.061987546
25 38 164.999718960
26 38 -1234.957085859
27 38 -388.430841212
28 38 -270.124729496
29 38 -11.139594985
30 38 -78.877148295
31 38 3936.637895842
32 38 -298038.081564018
33 38 -21831.124615778
34 38 1834.703133659
35 38 -753.963800884
36 38 13456.375228148
37 38 -2175948.246849324
38 38 302112845.652739584
39 38 7679927.213237615
40 38 14552228.813421873
41 38 422990.824825597
42 38 765514.339372151
1 39 164.116747106
2 39 861.532736785
3 39 -448.811668426
4 39 1057.914659055
5 39 -305.863524877
6 39 -360.327138896
7 39 -6.392910478
8 39 -110.427666627
9 39 -131.621031330
10 39 77.242651940
11 39 -25.634082136
12 39 -36.655422070
13 39 -54.132571235
14 39 -189.052618986
15 39 -122.204344066
16 39 -40.236006371
17 39 19.900288084
18 39 -7.913555192
19 39 -3.558544982
20 39 -19.363357480
21 39 -12.832224853
22 39 -4.571115866
23 39 1.567613552
24 39 1.217667441
25 39 -30.890286936
26 39 -136.220994308
27 39 -92.451888230
28 39 -29.898695342
29 39 12.488613960
30 39 -4.027969172
31 39 -773.144550471
32 39 22776.308807694
33 39 -292407.561608605
34 39 317.415395982
35 39 -12802.467441844
36 39 -799.557524655
37 39 1192464.121889333
38 39 7679927.213237615
39 39 243591873.143379778
40 39 277197.325620125
41 39 -134515.345228748
42 39 254288.168627731
1 40 308.164143794
2 40 -4199.650351790
3 40 426.203306950
4 40 -3755.791573496
5 40 -91.281643975
6 40 1372.111920429
7 40 26.637138781
8 40 -667.146569019
9 40 -85.264648640
10 40 -467.462413682
11 40 -0.193418307
12 40 81.269203881
13 40 46.370536553
14 40 -321.193239587
15 40 -96.504692265
16 40 -78.024094225
17 40 -1.954681745
18 40 -24.565990869
19 40 -2.431621342
20 40 -68.221252745
21 40 -24.342451267
22 40 -21.544798937
23 40 0.440423867
24 40 -1.036827150
25 40 31.924761374
26 40 -257.351735577
27 40 -82.720596540
28 40 -64.191679282
29 40 -1.565368755
30 40 -16.796627311
31 40 295.861945249
32 40 3162.671464908
33 40 -4788.498962924
34 40 -409397.900290450
35 40 -6505.771002065
36 40 2943.766372617
37 40 -677838.912059994
38 40 14552228.813421873
39 40 277197.325620125
40 40 241883808.533230990
41 40 -270.713832400
42 40 -578206.412982456
1 41 1085.317372634
2 41 -347.687384366
3 41 -326.383491398
4 41 -254.213748246
5 41 -1090.551796569
6 41 288.276351556
7 41 233.487175248
8 41 -45.657492627
9 41 -33.286631795
10 41 -32.332478972
11 41 -193.222920854
12 41 -1.113762266
13 41 94.926434235
14 41 -29.427224016
15 41 13.295838616
16 41 -4.281279293
17 41 -22.650122497
18 41 -10.362722095
19 41 29.429645089
20 41 -0.690559470
21 41 -0.008512443
22 41 -0.448654446
23 41 -8.596615656
24 41 -3.148218947
25 41 79.736570392
26 41 -18.240820294
27 41 7.537361194
28 41 -2.712209345
29 41 -19.337312853
30 41 -8.803433168
31 41 -5154.252923698
32 41 996.469489356
33 41 -12755.832313011
34 41 6034.313007413
35 41 -405850.993179570
36 41 -30228.075388550
37 41 -7558871.208267479
38 41 422990.824825597
39 41 -134515.345228748
40 41 -270.713832400
41 41 239406433.650828034
42 41 -567228.731374179
1 42 -437.970403202
2 42 1299.427293652
3 42 -58.894006967
4 42 1317.715942118
5 42 426.772735505
6 42 -675.907686606
7 42 -13.638188408
8 42 16.502660673
9 42 -2.635564762
10 42 95.206836413
11 42 58.768424869
12 42 -39.986405746
13 42 48.639326004
14 42 -121.225249753
15 42 -31.511571682
16 42 -25.434963416
17 42 -4.824296080
18 42 -16.293468681
19 42 3.387042520
20 42 -2.309630091
21 42 -1.049516459
22 42 -2.039068302
23 42 -0.391188344
24 42 -1.053368033
25 42 35.902966633
26 42 -77.031080143
27 42 -22.138775444
28 42 -17.458126859
29 42 -3.585976399
30 42 -11.980776867
31 42 5159.809240324
32 42 13515.052137187
33 42 1308.170914770
34 42 -849.266342164
35 42 30859.888219488
36 42 -405604.369619444
37 42 -272031.445414773
38 42 765514.339372151
39 42 254288.168627731
40 42 -578206.412982456
41 42 -567228.731374179
42 42 237211154.369778156
1 43 -2517.192075763
2 43 1814.912875543
3 43 582.269381527
4 43 1343.400225250
5 43 2271.648847813
6 43 -1173.685966127
7 43 -764.732900870
8 43 328.141642505
9 43 100.224606569
10 43 169.118685305
11 43 479.531200882
12 43 -14.085663513
13 43 -439.370173770
14 43 239.342836756
15 43 -2.058597293
16 43 42.706506175
17 43 93.479236769
18 43 61.427650067
19 43 -154.224392759
20 43 10.458652597
21 43 5.835703274
22 43 4.534348423
23 43 41.229041413
24 43 18.578503330
25 43 -385.472647778
26 43 132.931628601
27 43 15.754389087
28 43 31.656738091
29 43 109.872626680
30 43 43.382805944
31 43 -2350.826320835
32 43 1341.666207367
33 43 431.481069432
34 43 961.738609172
35 43 1891.881377689
36 43 -678.640252309
37 43 -752967.135406212
38 43 10788.776556348
39 43 8441.309014500
40 43 346.597321543
41 43 -8283.489227361
42 43 637.404911727
43 43 267784736.579987407
44 43 -3076768.441636961
45 43 1201328.644377681
46 43 -871804.137322254
47 43 -8880119.899624659
48 43 -101197.199455533
1 44 1086.579677506
2 44 -7932.702679483
3 44 351.544073235
4 44 -5932.814264973
5 44 -528.566501966
6 44 2757.824139177
7 44 209.499054653
8 44 -2257.063914110
9 44 -407.055512800
10 44 -1088.225926821
11 44 -49.488016116
12 44 176.714448839
13 44 232.843060558
14 44 -1564.470553060
15 44 -460.430949139
16 44 -350.982593203
17 44 -13.982192913
18 44 -113.736921985
19 44 -10.851455024
20 44 -383.666045394
21 44 -145.122110987
22 44 -111.329618500
23 44 2.690448041
24 44 -4.900449164
25 44 126.463088199
26 44 -1189.927071821
27 44 -378.524333631
28 44 -308.147243835
29 44 -11.369626063
30 44 -44.588194883
31 44 1121.804440086
32 44 -8424.556265051
33 44 180.389982270
34 44 -6037.522467607
35 44 -498.095275810
36 44 2020.537580473
37 44 -10854.641678460
38 44 -753135.065642327
39 44 11783.001992984
40 44 5903.732297229
41 44 -60.866591433
42 44 36651.636082485
43 44 -3076768.441636961
44 44 303446653.425847590
45 44 8143477.747368489
46 44 16042864.098992921
47 44 610661.146356251
48 44 167617.468116449
1 45 405.872629892
2 45 1012.555220765
3 45 -723.617270951
4 45 1296.135529101
5 45 -696.928925250
6 45 -487.309942447
7 45 28.045824506
8 45 -42.873184306
9 45 -172.148721073
10 45 180.797092044
11 45 -84.834365978
12 45 -87.648285063
13 45 -49.178213051
14 45 -217.247692846
15 45 -128.062173245
16 45 -48.971657967
17 45 19.236498831
18 45 -8.560390518
19 45 -8.048352522
20 45 -44.940306405
21 45 -25.860505855
22 45 -12.807811809
23 45 3.128161384
24 45 0.815513550
25 45 -22.626670464
26 45 -142.180807447
27 45 -95.091346473
28 45 -25.380553143
29 45 2.631366891
30 45 -8.676846966
31 45 284.190031994
32 45 1116.514125358
33 45 -712.735454893
34 45 1491.525896374
35 45 -487.714045030
36 45 -494.440663405
37 45 -5796.404453945
38 45 -10273.515397114
39 45 -747567.933768815
40 45 -915.932361815
41 45 -35975.852678308
42 45 197.832449353
43 45 1201328.644377681
44 45 8143477.747368489
45 45 244936692.628459930
46 45 239474.313171943
47 45 300642.620155165
48 45 265083.701434272
1 46 661.089418578
2 46 -5864.048629978
3 46 757.495787972
4 46 -5369.149433993
5 46 -209.558296816
6 46 2605.609351124
7 46 38.508367347
8 46 -1050.374597142
9 46 -62.388212599
10 46 -891.168139214
11 46 -0.148598285
12 46 272.101231931
13 46 40.270299770
14 46 -335.937364498
15 46 -101.527446649
16 46 -84.686394890
17 46 -1.355432585
18 46 -23.100011396
19 46 -1.011867032
20 46 -103.753167549
21 46 -39.971379997
22 46 -32.642957688
23 46 0.743710632
24 46 -2.252355404
25 46 22.233918759
26 46 -293.151907231
27 46 -87.352401817
28 46 -104.707099952
29 46 -0.961765382
30 46 3.067793230
31 46 656.465718530
32 46 -6016.904375119
33 46 764.523589561
34 46 -5615.290945037
35 46 -261.340150265
36 46 2098.441581883
37 46 576.039653606
38 46 4358.655675621
39 46 769.852090635
40 46 -1037633.051248004
41 46 13478.553994154
42 46 10753.229197180
43 46 -871804.137322254
44 46 16042864.098992920
45 46 239474.313171943
46 46 244361853.722718328
47 46 -519.214691291
48 46 -1149968.777995750
1 47 2061.198355530
2 47 -901.611859474
3 47 -749.182029743
4 47 -636.719137506
5 47 -2245.662891813
6 47 853.662146025
7 47 412.896093750
8 47 -90.379649872
9 47 -105.180889875
10 47 -71.903471803
11 47 -426.940823688
12 47 32.990105469
13 47 100.390650039
14 47 -30.597852492
15 47 10.774695072
16 47 -5.008859292
17 47 -24.689667598
18 47 -11.212127986
19 47 44.094127693
20 47 -3.463945135
21 47 -0.463525886
22 47 -1.152274868
23 47 -12.496884094
24 47 -5.138819596
25 47 109.204400168
26 47 -20.337846143
27 47 -5.519206864
28 47 -7.013951699
29 47 -53.018756916
30 47 -9.171260055
31 47 1736.568071976
32 47 -494.223078759
33 47 -558.447866868
34 47 -331.214523086
35 47 -1791.735786892
36 47 505.487245949
37 47 -7434.077936910
38 47 -907.718371673
39 47 -35619.162001859
40 47 -13660.225252467
41 47 -1035391.360251440
42 47 15179.724927809
43 47 -8880119.899624659
44 47 610661.146356251
45 47 300642.620155165
46 47 -519.214691291
47 47 241759937.142115891
48 47 -890372.685652127
1 48 -997.669990402
2 48 2600.487845764
3 48 -83.474965327
4 48 2473.859685539
5 48 930.365762572
6 48 -1643.326972259
7 48 -75.655721207
8 48 120.833713570
9 48 15.661502466
10 48 224.918495288
11 48 145.345344250
12 48 -112.302612819
13 48 51.072510278
14 48 -118.556416513
15 48 -30.275384276
16 48 -25.756374847
17 48 -5.725260134
18 48 -16.734053471
19 48 8.298354832
20 48 -10.685590269
21 48 -4.252506057
22 48 -4.227183064
23 48 -1.389345112
24 48 -2.289179582
25 48 23.937446017
26 48 -51.525403430
27 48 -13.837474584
28 48 -1.031015490
29 48 9.106609876
30 48 -15.624437637
31 48 -728.881754073
32 48 1954.930020265
33 48 -133.610102876
34 48 2030.379749060
35 48 727.343276455
36 48 -1051.762361166
37 48 -178.601885044
38 48 36408.310898690
39 48 -868.982753598
40 48 -8930.823610709
41 48 -14232.678476686
42 48 -1034910.668581584
43 48 -101197.199455533
44 48 167617.468116449
45 48 265083.701434272
46 48 -1149968.777995750
47 48 -890372.685652127
48 48 238760382.316519648
1 49 -2518.979528657
2 49 297.705516149
3 49 218.134176979
4 49 4.797325308
5 49 2541.610499380
6 49 -1109.463258014
7 49 -4564.238017303
8 49 1304.174094219
9 49 760.808320793
10 49 1430.543698498
11 49 6474.450440595
12 49 -3265.492293949
13 49 -2311.041590604
14 49 775.245312435
15 49 408.155125983
16 49 855.637415272
17 49 3759.676587458
18 49 -372.223536732
19 49 -748.324279058
20 49 308.811359221
21 49 365.693066255
22 49 632.868038842
23 49 1366.593604547
24 49 -68.041881124
25 49 -3342.571751017
26 49 1580.914807631
27 49 953.909853365
28 49 2115.330994359
29 49 5273.810522531
30 49 -1313.183555664
31 49 -3750.728841447
32 49 1126.021964143
33 49 481.492389906
34 49 558.402277114
35 49 3702.460992651
36 49 -1709.608483853
37 49 -1442.914216463
38 49 514.199600814
39 49 111.024979663
40 49 190.187716253
41 49 893.775093232
42 49 -268.279017707
43 49 -1137811.482808430
44 49 -5645.233896568
45 49 -10475.643923250
46 49 308.593800734
47 49 -26504.415500299
48 49 2568.750679226
49 49 273607618.892121196
50 49 -1882216.870513391
51 49 -663590.824090102
52 49 -971722.486921367
53 49 -16129778.858294642
54 49 2391207.566048488
1 50 -8.293242047
2 50 -7929.636233729
3 50 1091.572366435
4 50 -7783.102203572
5 50 195.269142283
6 50 163.748056531
7 50 655.915799234
8 50 -17608.049775009
9 50 1504.798532762
10 50 -22564.619266619
11 50 -422.780796591
12 50 2936.645433623
13 50 270.913303577
14 50 -6462.191345417
15 50 -566.745950232
16 50 -9001.795503965
17 50 -47.361435510
18 50 1875.736427844
19 50 -134.884007651
20 50 -2407.497860753
21 50 -466.123614083
22 50 -3587.280080252
23 50 -35.767075335
24 50 1661.998810820
25 50 691.170358710
26 50 -11054.949627045
27 50 -61.638154238
28 50 -15413.474708382
29 50 -726.434896800
30 50 5366.049376332
31 50 1303.033083950
32 50 -14286.062291121
33 50 1487.407422423
34 50 -12530.862431391
35 50 -320.987330952
36 50 3158.803739402
37 50 549.013596426
38 50 -4541.370006585
39 50 223.663337417
40 50 -2268.921858635
41 50 -168.778520495
42 50 507.077677519
43 50 5905.978626129
44 50 -1133452.822568371
45 50 36961.891617580
46 50 23554.873910854
47 50 350.304055613
48 50 69571.604725024
49 50 -1882216.870513391
50 50 312415219.775120974
51 50 9499416.214097755
52 50 30306518.987087045
53 50 846169.157159590
54 50 -1876928.874229309
1 51 165.745535769
2 51 654.007980628
3 51 -758.370323795
4 51 1518.040259892
5 51 -214.365380010
6 51 88.424565853
7 51 540.419962882
8 51 3473.983621395
9 51 -1597.718015184
10 51 6046.529402937
11 51 -1123.227358848
12 51 -679.491579356
13 51 234.199598325
14 51 1272.481403104
15 51 -366.443200591
16 51 3007.945281551
17 51 -523.623873131
18 51 -683.402743699
19 51 267.897197316
20 51 604.349195135
21 51 -61.535584282
22 51 1146.061431642
23 51 -495.279457349
24 51 -664.348435734
25 51 607.185345237
26 51 2699.899002294
27 51 -799.231950715
28 51 4875.592913996
29 51 -1238.225896824
30 51 -1536.953022753
31 51 468.834487996
32 51 1081.858178008
33 51 -1164.918162862
34 51 1894.235988489
35 51 -651.155070315
36 51 -227.558368810
37 51 166.163872034
38 51 -402.181439712
39 51 -344.592520703
40 51 24.259582643
41 51 -217.138477391
42 51 27.202872570
43 51 16087.119565380
44 51 -36986.858397248
45 51 -1129775.860819044
46 51 -2241.529003495
47 51 -68694.713672395
48 51 386.922604314
49 51 -663590.824090102
50 51 9499416.214097757
51 51 247740065.877220213
52 51 -2797370.508350311
53 51 1530524.544141667
54 51 132499.159431679
1 52 -257.359480596
2 52 -7885.099677111
3 52 2062.067523942
4 52 -10181.435175368
5 52 321.054703353
6 52 -94.419087152
7 52 534.752705634
8 52 -22202.296865909
9 52 3332.450418501
10 52 -32420.430086582
11 52 -54.448014088
12 52 4590.383273706
13 52 -70.108011788
14 52 -8334.449643815
15 52 -73.047344110
16 52 -15078.620022143
17 52 278.873503737
18 52 3225.014505678
19 52 -345.823188362
20 52 -3433.884386148
21 52 -475.742867771
22 52 -5844.980114700
23 52 257.272866629
24 52 2871.989615889
25 52 548.822512349
26 52 -15152.870708292
27 52 836.959209593
28 52 -24281.152171719
29 52 -335.344207058
30 52 8040.792536688
31 52 735.559783178
32 52 -12806.844118912
33 52 2424.569049796
34 52 -13633.396512791
35 52 -60.071730993
36 52 2798.597599638
37 52 323.816856442
38 52 -2335.158901687
39 52 438.445959389
40 52 -1774.806914985
41 52 -106.844954108
42 52 553.142180100
43 52 27.650152192
44 52 23414.442774568
45 52 17271.803901735
46 52 -1567839.880501262
47 52 -8501.084308570
48 52 -17151.327345549
49 52 -971722.486921367
50 52 30306518.987087045
51 52 -2797370.508350312
52 52 266303960.781581730
53 52 -2679.948085357
54 52 -2521466.338784010
1 53 2687.022242089
2 53 -165.937994271
3 53 -230.163442601
4 53 -85.055736403
5 53 -3381.352260409
6 53 1347.901889817
7 53 5770.693641407
8 53 -1074.585265528
9 53 -1195.031210527
10 53 -1209.961766329
11 53 -9466.536699779
12 53 3131.130697382
13 53 2947.932937740
14 53 -449.322931383
15 53 -604.281099562
16 53 -731.391735366
17 53 -5867.417338378
18 53 288.502800328
19 53 1029.426287604
20 53 -160.051275227
21 53 -542.079563992
22 53 -434.850300233
23 53 -2180.946045709
24 53 -161.430684839
25 53 4421.692625827
26 53 -896.687350400
27 53 -1478.307000226
28 53 -1199.652709719
29 53 -7970.522516536
30 53 1122.518483568
31 53 3914.948267713
32 53 -394.030948886
33 53 -669.086335275
34 53 -161.533269444
35 53 -4747.553105079
36 53 1750.263849089
37 53 1016.661708973
38 53 -218.435418058
39 53 -207.264106849
40 53 -87.864822868
41 53 -879.136571117
42 53 325.203147741
43 53 -23964.962731081
44 53 -4899.264344183
45 53 -87015.527895357
46 53 7707.731804434
47 53 -1565249.542790069
48 53 50473.962754966
49 53 -16129778.858294638
50 53 846169.157159590
51 53 1530524.544141667
52 53 -2679.948085357
53 53 253709508.949232519
54 53 -4578985.705724935
1 54 -1111.509058919
2 54 10.119809621
3 54 139.176363858
4 54 -354.305930223
5 54 1184.622855005
6 54 -1830.006630925
7 54 -3142.138338552
8 54 2084.993434335
9 54 128.421395757
10 54 3144.306382314
11 54 4273.180173655
12 54 -7872.182564559
13 54 -1051.621280560
14 54 1000.448039727
15 54 180.654819480
16 54 1732.491591948
17 54 2349.815246488
18 54 -1373.367574981
19 54 -301.141327888
20 54 996.098606883
21 54 342.623365892
22 54 1825.404488423
23 54 843.098600545
24 54 -783.698684745
25 54 -1785.348169879
26 54 4419.009375475
27 54 309.145213444
28 54 6477.942806215
29 54 3263.355344285
30 54 -3618.904863243
31 54 -1948.162561776
32 54 3164.694744554
33 54 -343.349943041
34 54 2587.632815634
35 54 1747.530107610
36 54 -3832.755994159
37 54 -178.977977220
38 54 548.507271665
39 54 -159.568735014
40 54 574.368435730
41 54 122.737684132
42 54 -371.139654815
43 54 -18998.997945612
44 54 87316.524537366
45 54 -4967.082859403
46 54 19551.706604894
47 54 -49830.257738528
48 54 -1564628.227489381
49 54 2391207.566048488
50 54 -1876928.874229309
51 54 132499.159431679
52 54 -2521466.338784010
53 54 -4578985.705724935
54 54 245385387.428285450
1 55 -1546.965049275
2 55 291.705849240
3 55 453.674757945
4 55 63.127557248
5 55 1759.103031629
6 55 -584.125562283
7 55 -8783.023316675
8 55 1089.314440600
9 55 1158.420152458
10 55 907.975183688
11 55 16335.650596290
12 55 -6543.531853120
13 55 -14417.008777927
14 55 1139.976303408
15 55 2327.352949659
16 55 1012.589390629
17 55 37385.614390512
18 55 -9082.686324951
19 55 -8514.656037909
20 55 92.625441235
21 55 1967.013021454
22 55 601.973261576
23 55 24728.257755726
24 55 -669.471334146
25 55 -12436.674580275
26 55 375.128344805
27 55 2062.128684864
28 55 -593.351383505
29 55 26886.058809829
30 55 -6654.311506513
31 55 -1833.149054556
32 55 334.760088226
33 55 435.917682803
34 55 -58.610287500
35 55 1849.776704368
36 55 -499.856596500
37 55 -417.151742658
38 55 271.283407319
39 55 -37.885207731
40 55 51.020249489
41 55 91.203692658
42 55 50.613357327
43 55 -799.709546128
44 55 298.458254257
45 55 185.191603528
46 55 14.774517008
47 55 499.686159039
48 55 -107.115169317
49 55 -819933.369078995
50 55 -9814.117693165
51 55 5007.608747575
52 55 932.934952116
53 55 -15764.649490817
54 55 -1094.477427257
55 55 269271624.428733468
56 55 -2005402.974013566
57 55 -2432284.372355663
58 55 -1804372.809613804
59 55 -31320952.486949027
60 55 3811595.569414213
1 56 720.666933719
2 56 -5649.991027339
3 56 924.521146045
4 56 -5658.811113753
5 56 -242.139495167
6 56 2218.585164846
7 56 1171.964117410
8 56 -21857.467205157
9 56 5701.595919654
10 56 -40624.100098901
11 56 -323.398965916
12 56 5878.682278851
13 56 660.554942109
14 56 -46148.779468453
15 56 5688.491604752
16 56 -116324.962037629
17 56 -636.543539326
18 56 2814.729684548
19 56 -162.508379765
20 56 -21843.508709328
21 56 -1486.454206864
22 56 -57918.468544252
23 56 -26.347046764
24 56 3592.682650838
25 56 590.709076583
26 56 -37678.583553580
27 56 5263.491422327
28 56 -77675.288902731
29 56 -341.085323259
30 56 4056.384494208
31 56 950.230680984
32 56 -5952.154054597
33 56 662.279640077
34 56 -5289.254378527
35 56 -339.324165554
36 56 1850.495187559
37 56 198.870712816
38 56 -1512.283788834
39 56 -206.828284660
40 56 -298.940444532
41 56 -25.585966034
42 56 -103.409963401
43 56 631.259014643
44 56 -2765.218989741
45 56 34.073050587
46 56 -1366.113709063
47 56 -213.893174676
48 56 729.547951851
49 56 14882.245412676
50 56 -828081.439309153
51 56 48337.192429461
52 56 -3752.069176504
53 56 13.648169888
54 56 69000.940208299
55 56 -2005402.974013566
56 56 302707123.409849882
57 56 9280933.351330956
58 56 60490324.610144243
59 56 1499199.478399161
60 56 -8071901.195243525
1 57 506.641594781
2 57 -555.856935273
3 57 -341.627000536
4 57 -193.478344111
5 57 -679.949760963
6 57 293.901740434
7 57 1015.988252320
8 57 1795.651888457
9 57 -1834.426121841
10 57 5481.925658843
11 57 -2139.109236241
12 57 174.764580325
13 57 1392.501911247
14 57 8371.289372754
15 57 -3177.230822436
16 57 26572.341876373
17 57 -4162.367987023
18 57 -197.164841520
19 57 1133.547534326
20 57 4146.979450597
21 57 -703.058777048
22 57 12966.299619592
23 57 -3325.711852875
24 57 -1289.101687869
25 57 1337.821620546
26 57 4123.457044746
27 57 -2205.218920983
28 57 11357.919024551
29 57 -2783.302711876
30 57 179.908862730
31 57 493.856012912
32 57 -627.013279786
33 57 -435.307804746
34 57 -149.923668651
35 57 -627.896679706
36 57 216.919137629
37 57 -25.465967629
38 57 -448.719063407
39 57 -130.869117586
40 57 -93.462369535
41 57 15.242828291
42 57 -26.065581079
43 57 297.125068532
44 57 -572.934032290
45 57 -301.758845373
46 57 -136.648449968
47 57 -322.597042326
48 57 153.321967295
49 57 3183.425609090
50 57 -44758.906456038
51 57 -810828.689556164
52 57 88.421912505
53 57 -61034.463607254
54 57 2403.609048042
55 57 -2432284.372355663
56 57 9280933.351330956
57 57 246218721.027025819
58 57 -5402208.487959110
59 57 6554506.402048553
60 57 308537.949095775
1 58 830.719671274
2 58 -5999.379451711
3 58 1590.213271292
4 58 -7572.736900277
5 58 -333.441698820
6 58 2678.365624547
7 58 1514.012797531
8 58 -42713.676472313
9 58 13973.035217365
10 58 -89173.984811719
11 58 352.938317099
12 58 10058.966847615
13 58 387.665922050
14 58 -112519.861199269
15 58 18688.016413688
16 58 -307479.838295697
17 58 1475.904921288
18 58 7108.826587135
19 58 -567.418015691
20 58 -54989.753912773
21 58 -2160.345787743
22 58 -155443.473167772
23 58 1934.830993583
24 58 9946.423214964
25 58 320.274123842
26 58 -80983.667879360
27 58 14786.743773436
28 58 -181916.673340601
29 58 323.174713269
30 58 5741.750239425
31 58 862.679297521
32 58 -5624.314312837
33 58 1367.485793816
34 58 -6730.233099857
35 58 -422.545863408
36 58 2242.519602103
37 58 33.175705464
38 58 -307.749054934
39 58 -44.780685346
40 58 -69.492008513
41 58 -3.276055297
42 58 -21.621029205
43 58 428.549738653
44 58 -1435.661457074
45 58 167.232794743
46 58 -1008.635170318
47 58 -186.374079054
48 58 723.631538308
49 58 3749.606882098
50 58 -9172.265016866
51 58 2946.331576412
52 58 -1158102.459747316
53 58 -17361.988664022
54 58 15107.072872784
55 58 -1804372.809613804
56 58 60490324.610144243
57 58 -5402208.487959110
58 58 379548996.198365986
59 58 -89224.897313448
60 58 -15532915.668993425
1 59 2160.526010481
2 59 -391.061823288
3 59 -714.444519041
4 59 -154.147335479
5 59 -2929.107822679
6 59 1138.338893494
7 59 18980.007606051
8 59 -1753.421140668
9 59 -2535.707952725
10 59 -1530.977178914
11 59 -37666.940382272
