# name: /app/data/Hschur_fullInertialBA
# type: sparse matrix
# nnz: 3222
# rows: 96
# columns: 96

1 1 264694749.817125082
2 1 -1426641.720100648
3 1 -500526.935283212
4 1 -626751.130523177
5 1 -9611155.912548643
6 1 352145.817476029
1 2 -1426641.720100648
2 2 297801550.446945667
3 2 8938577.457546666
4 2 18432633.571053606
5 2 429012.684464921
6 2 -1187091.180791741
1 3 -500526.935283212
2 3 8938577.457546666
3 3 244330802.053574592
4 3 -379139.774465651
5 3 829903.003927181
6 3 201078.763493650
1 4 -626751.130523177
2 4 18432633.571053606
3 4 -379139.774465651
4 4 249257156.693505704
5 4 -465.019298591
6 4 -1795830.133017883
1 5 -9611155.912548643
2 5 429012.684464922
3 5 829903.003927181
4 5 -465.019298591
5 5 243750484.222247034
6 5 -1697833.986926771
1 6 352145.817476029
2 6 -1187091.180791742
3 6 201078.763493650
4 6 -1795830.133017883
5 6 -1697833.986926771
6 6 239337053.705736071
1 7 -1330803.803299461
2 7 -2577.647429620
3 7 8811.268113125
4 7 17.696143919
5 7 -27551.358462461
6 7 1268.187106033
7 7 266687144.058655620
8 7 -1031186.984873839
9 7 -899255.296100350
10 7 -667634.441201456
11 7 -13327107.717432689
12 7 1287735.232502041
1 8 3994.119835322
2 8 -1326424.883553966
3 8 52963.906034429
4 8 23257.392400776
5 8 1759.383179036
6 8 83602.324578714
7 8 -1031186.984873839
8 8 291039035.611220837
9 8 9224550.064880094
10 8 22567873.346348748
11 8 592418.819310622
12 8 -1870610.408594666
1 9 -2514.521269792
2 9 -53057.211015639
3 9 -1323108.477972124
4 9 -855.646514057
5 9 -83273.747729872
6 9 1720.073651764
7 9 -899255.296100349
8 9 9224550.064880094
9 9 247745565.938340664
10 9 -1471606.651048962
11 9 1848446.923594195
12 9 86129.656877438
1 10 -172.714126371
2 10 19004.575369509
3 10 -2720.779493698
4 10 -1837693.087979868
5 10 -3935.749481480
6 10 8848.206983734
7 10 -667634.441201456
8 10 22567873.346348748
9 10 -1471606.651048962
10 10 269812298.193679690
11 10 -3822.829847664
12 10 -3047580.242821219
1 11 -24164.868134697
2 11 -5196.933438153
3 11 -86828.368531910
4 11 4422.679540089
5 11 -1831857.905913033
6 11 73182.845912402
7 11 -13327107.717432687
8 11 592418.819310622
9 11 1848446.923594195
10 11 -3822.829847664
11 11 259590248.726819605
12 11 -4768015.969884609
1 12 1472.400874474
2 12 87495.022829574
3 12 -5121.675448052
4 12 -7812.715686340
5 12 -71862.181183322
6 12 -1830701.320586791
7 12 1287735.232502041
8 12 -1870610.408594665
9 12 86129.656877438
10 12 -3047580.242821219
11 12 -4768015.969884609
12 12 247149820.790339112
1 13 -409.039895624
2 13 104.011413025
3 13 15.772231691
4 13 17.249392557
5 13 132.488812578
6 13 22.418190768
7 13 -3738768.904806122
8 13 -1650.033654118
9 13 4949.692203991
10 13 927.724541607
11 13 -91643.164274230
12 13 5756.456676837
13 13 262846699.367849112
14 13 -1752867.160892671
15 13 -460789.112588467
16 13 -775272.597249916
17 13 -16943047.933660712
18 13 504777.036576750
1 14 116.934591805
2 14 -1468.720164201
3 14 -199.598234982
4 14 -481.926567206
5 14 -23.910959911
6 14 69.507681131
7 14 7883.166755310
8 14 -3722306.083484332
9 14 85226.348931211
10 14 69818.343036108
11 14 -68.004416531
12 14 249245.144528489
13 14 -1752867.160892672
14 14 283144019.782037616
15 14 9122999.750557177
16 14 30391841.543543354
17 14 741948.123383758
18 14 -1313087.714326332
1 15 23.199112504
2 15 -401.009991624
3 15 -135.079773444
4 15 -95.884510059
5 15 -30.043669048
6 15 4.929922070
7 15 19914.743509552
8 15 -81891.643948194
9 15 -3711355.102090551
10 15 -7409.044520093
11 15 -245152.194700545
12 15 2372.574976797
13 15 -460789.112588467
14 15 9122999.750557177
15 15 246066448.630719155
16 15 -1296696.615205813
17 15 2485448.045350402
18 15 43697.817567231
1 16 57.855170705
2 16 -493.473518063
3 16 -11.445537622
4 16 -286.543195832
5 16 -17.692294994
6 16 112.753168906
7 16 3270.721660124
8 16 73321.005883005
9 16 -704.745499754
10 16 -5216113.301588917
11 16 -7646.965925087
12 16 5409.645540171
13 16 -775272.597249916
14 16 30391841.543543354
15 16 -1296696.615205813
16 16 304935939.416086435
17 16 -18853.747433978
18 16 -4468224.842373353
1 17 141.547372714
2 17 -21.863013994
3 17 -28.953522274
4 17 -1.427126294
5 17 -101.327246178
6 17 22.366085807
7 17 -93741.831630248
8 17 -11405.583792114
9 17 -272602.582801521
10 17 3814.806585282
11 17 -5171448.126657836
12 17 123401.722090518
13 17 -16943047.933660712
14 17 741948.123383758
15 17 2485448.045350403
16 17 -18853.747433978
17 17 277333394.679372013
18 17 -5817315.695521603
1 18 18.216006885
2 18 90.048211571
3 18 -39.550330139
4 18 136.339384399
5 18 -1.757562724
6 18 -94.903542355
7 18 4310.199373695
8 18 278286.742388637
9 18 -11742.483114561
10 18 27299.898297086
11 18 -107899.372784437
12 18 -5149134.704655078
13 18 504777.036576750
14 18 -1313087.714326332
15 18 43697.817567230
16 18 -4468224.842373353
17 18 -5817315.695521603
18 18 249366388.968850583
1 19 -971.896849306
2 19 -189.809608733
3 19 312.567989775
4 19 -386.048942222
5 19 1284.575073125
6 19 -388.078729151
7 19 -5415.617033901
8 19 -91.388454435
9 19 1337.725904248
10 19 -979.050518983
11 19 10714.613032507
12 19 -3297.617430278
13 19 -447804.611774630
14 19 -123.831441181
15 19 -1290.260806450
16 19 4202.380328597
17 19 31309.690979310
18 19 -11141.858065776
19 19 244452415.140288085
20 19 1106765.090225974
21 19 -1305022.086321276
22 19 66997.234216793
23 19 -11200158.607586740
24 19 -1400100.722672195
1 20 334.658404754
2 20 -3618.475013062
3 20 1102.782877123
4 20 -5047.501046916
5 20 -105.550600792
6 20 1189.699362617
7 20 1000.440953555
8 20 -11620.964026329
9 20 3257.205166063
10 20 -23313.178307301
11 20 -617.171830929
12 20 4970.532526339
13 20 9957.115710347
14 20 -489520.305066303
15 20 37315.057523027
16 20 -157669.764970005
17 20 -4761.772870611
18 20 67208.427039564
19 20 1106765.090225974
20 20 250669486.512832105
21 20 3284237.480878650
22 20 19252483.483894862
23 20 -121952.317581580
24 20 -2615343.904294537
1 21 385.400140498
2 21 -808.207126828
3 21 107.454003745
4 21 -1011.012799689
5 21 -473.124919961
6 21 405.121527244
7 21 1775.944707282
8 21 -1656.037827437
9 21 -190.955706615
10 21 -2760.117998579
11 21 -3469.779737196
12 21 1710.932712785
13 21 11372.165436261
14 21 -27849.511957003
15 21 -433414.938029616
16 21 434.282864515
17 21 -50747.621118968
18 21 3071.723266664
19 21 -1305022.086321276
20 21 3284237.480878650
21 21 237839031.177585721
22 21 1701019.886654896
23 21 2677324.137550266
24 21 56869.984272358
1 22 708.318098170
2 22 -5683.086884294
3 22 1952.214577384
4 22 -8547.499262783
5 22 -345.918156344
6 22 2076.431579338
7 22 2662.407432468
8 22 -24983.465846830
9 22 7397.965139583
10 22 -52124.736555359
11 22 -2319.357609214
12 22 10895.468084956
13 22 12867.828000037
14 22 -161698.723725597
15 22 46513.283072902
16 22 -1125977.209004290
17 22 -18118.410686936
18 22 84992.557492440
19 22 66997.234216793
20 22 19252483.483894862
21 22 1701019.886654896
22 22 284833190.896102011
23 22 -3320.904517714
24 22 -5886084.369655736
1 23 1646.174651460
2 23 -63.807838550
3 23 -443.844621810
4 23 146.870582599
5 23 -2333.333545993
6 23 873.615491942
7 23 13357.329370540
8 23 -776.895670299
9 23 -3175.442898407
10 23 662.755066333
11 23 -27039.393987816
12 23 9218.204569909
13 23 37697.494590349
14 23 -9994.629801161
15 23 -55192.690173016
16 23 -2311.544746621
17 23 -750239.783767512
18 23 80042.169103525
19 23 -11200158.607586741
20 23 -121952.317581580
21 23 2677324.137550266
22 23 -3320.904517714
23 23 266025154.334526509
24 23 1522725.406413360
1 24 152.286428928
2 24 1704.406509324
3 24 -698.667043756
4 24 2627.936891250
5 24 -421.399243927
6 24 -480.188746265
7 24 576.730679989
8 24 7370.497722216
9 24 -2628.553137371
10 24 15380.967081070
11 24 -2520.001841481
12 24 -3902.247253859
13 24 -18094.765679334
14 24 78075.010000162
15 24 -12843.115442785
16 24 117325.081360333
17 24 -25505.470206952
18 24 -660028.116472637
19 24 -1400100.722672196
20 24 -2615343.904294538
21 24 56869.984272358
22 24 -5886084.369655738
23 24 1522725.406413360
